RunId,model_parameters,n_displacements,n_evacuations,n_trapped,displacement_time=0,displacement_time<=2,displacement_time<=5,displacement_time>5,displaced_at_last_step
0,"{'RISK_PERCEPTION_THRESHOLD': 0.433333333333333, 'LOW_DAMAGE_THRESHOLD': 0.15, 'HIGH_DAMAGE_THRESHOLD': 0.84, 'TRUST_CHANGE': 0.06, 'FEAR_CHANGE': 0.06, 'AWARENESS_INCREASE': 0.56, 'AWARENESS_DECREASE': 0.0866666666666667, 'FIX_DAMAGE_NEIGHBOURS': 0.03, 'FIX_DAMAGE_CONCRETE': 0.26, 'FIX_DAMAGE_MUDBRICK': 0.24, 'FIX_DAMAGE_INFORMAL_SETTLEMENT': 0.3}",5927,1701,3588,579,223,106,62,418
1,"{'RISK_PERCEPTION_THRESHOLD': 0.433333333333333, 'LOW_DAMAGE_THRESHOLD': 0.15, 'HIGH_DAMAGE_THRESHOLD': 0.84, 'TRUST_CHANGE': 0.06, 'FEAR_CHANGE': 0.06, 'AWARENESS_INCREASE': 0.56, 'AWARENESS_DECREASE': 0.14, 'FIX_DAMAGE_NEIGHBOURS': 0.03, 'FIX_DAMAGE_CONCRETE': 0.26, 'FIX_DAMAGE_MUDBRICK': 0.24, 'FIX_DAMAGE_INFORMAL_SETTLEMENT': 0.3}",5651,2394,2924,579,227,99,65,420
2,"{'RISK_PERCEPTION_THRESHOLD': 0.433333333333333, 'LOW_DAMAGE_THRESHOLD': 0.15, 'HIGH_DAMAGE_THRESHOLD': 0.84, 'TRUST_CHANGE': 0.06, 'FEAR_CHANGE': 0.06, 'AWARENESS_INCREASE': 0.56, 'AWARENESS_DECREASE': 0.14, 'FIX_DAMAGE_NEIGHBOURS': 0.03, 'FIX_DAMAGE_CONCRETE': 0.42, 'FIX_DAMAGE_MUDBRICK': 0.24, 'FIX_DAMAGE_INFORMAL_SETTLEMENT': 0.3}",5670,2139,2979,585,220,96,69,337
3,"{'RISK_PERCEPTION_THRESHOLD': 0.433333333333333, 'LOW_DAMAGE_THRESHOLD': 0.15, 'HIGH_DAMAGE_THRESHOLD': 0.84, 'TRUST_CHANGE': 0.06, 'FEAR_CHANGE': 0.06, 'AWARENESS_INCREASE': 0.56, 'AWARENESS_DECREASE': 0.14, 'FIX_DAMAGE_NEIGHBOURS': 0.03, 'FIX_DAMAGE_CONCRETE': 0.42, 'FIX_DAMAGE_MUDBRICK': 0.24, 'FIX_DAMAGE_INFORMAL_SETTLEMENT': 0.566666666666667}",5324,1852,3308,584,220,121,45,226
4,"{'RISK_PERCEPTION_THRESHOLD': 0.433333333333333, 'LOW_DAMAGE_THRESHOLD': 0.15, 'HIGH_DAMAGE_THRESHOLD': 0.52, 'TRUST_CHANGE': 0.06, 'FEAR_CHANGE': 0.06, 'AWARENESS_INCREASE': 0.56, 'AWARENESS_DECREASE': 0.14, 'FIX_DAMAGE_NEIGHBOURS': 0.03, 'FIX_DAMAGE_CONCRETE': 0.42, 'FIX_DAMAGE_MUDBRICK': 0.24, 'FIX_DAMAGE_INFORMAL_SETTLEMENT': 0.566666666666667}",5223,1145,3345,348,120,288,214,293
5,"{'RISK_PERCEPTION_THRESHOLD': 0.433333333333333, 'LOW_DAMAGE_THRESHOLD': 0.15, 'HIGH_DAMAGE_THRESHOLD': 0.52, 'TRUST_CHANGE': 0.06, 'FEAR_CHANGE': 0.06, 'AWARENESS_INCREASE': 0.56, 'AWARENESS_DECREASE': 0.14, 'FIX_DAMAGE_NEIGHBOURS': 0.03, 'FIX_DAMAGE_CONCRETE': 0.42, 'FIX_DAMAGE_MUDBRICK': 0.453333333333333, 'FIX_DAMAGE_INFORMAL_SETTLEMENT': 0.566666666666667}",5602,1866,3249,344,112,397,117,229
6,"{'RISK_PERCEPTION_THRESHOLD': 0.433333333333333, 'LOW_DAMAGE_THRESHOLD': 0.283333333333333, 'HIGH_DAMAGE_THRESHOLD': 0.52, 'TRUST_CHANGE': 0.06, 'FEAR_CHANGE': 0.06, 'AWARENESS_INCREASE': 0.56, 'AWARENESS_DECREASE': 0.14, 'FIX_DAMAGE_NEIGHBOURS': 0.03, 'FIX_DAMAGE_CONCRETE': 0.42, 'FIX_DAMAGE_MUDBRICK': 0.453333333333333, 'FIX_DAMAGE_INFORMAL_SETTLEMENT': 0.566666666666667}",4422,1897,2161,344,126,412,88,44
7,"{'RISK_PERCEPTION_THRESHOLD': 0.7, 'LOW_DAMAGE_THRESHOLD': 0.283333333333333, 'HIGH_DAMAGE_THRESHOLD': 0.52, 'TRUST_CHANGE': 0.06, 'FEAR_CHANGE': 0.06, 'AWARENESS_INCREASE': 0.56, 'AWARENESS_DECREASE': 0.14, 'FIX_DAMAGE_NEIGHBOURS': 0.03, 'FIX_DAMAGE_CONCRETE': 0.42, 'FIX_DAMAGE_MUDBRICK': 0.453333333333333, 'FIX_DAMAGE_INFORMAL_SETTLEMENT': 0.566666666666667}",4375,1044,2063,352,134,472,12,16
8,"{'RISK_PERCEPTION_THRESHOLD': 0.7, 'LOW_DAMAGE_THRESHOLD': 0.283333333333333, 'HIGH_DAMAGE_THRESHOLD': 0.52, 'TRUST_CHANGE': 0.06, 'FEAR_CHANGE': 0.113333333333333, 'AWARENESS_INCREASE': 0.56, 'AWARENESS_DECREASE': 0.14, 'FIX_DAMAGE_NEIGHBOURS': 0.03, 'FIX_DAMAGE_CONCRETE': 0.42, 'FIX_DAMAGE_MUDBRICK': 0.453333333333333, 'FIX_DAMAGE_INFORMAL_SETTLEMENT': 0.566666666666667}",4231,432,2136,352,130,474,14,18
9,"{'RISK_PERCEPTION_THRESHOLD': 0.7, 'LOW_DAMAGE_THRESHOLD': 0.283333333333333, 'HIGH_DAMAGE_THRESHOLD': 0.52, 'TRUST_CHANGE': 0.06, 'FEAR_CHANGE': 0.113333333333333, 'AWARENESS_INCREASE': 0.346666666666667, 'AWARENESS_DECREASE': 0.14, 'FIX_DAMAGE_NEIGHBOURS': 0.03, 'FIX_DAMAGE_CONCRETE': 0.42, 'FIX_DAMAGE_MUDBRICK': 0.453333333333333, 'FIX_DAMAGE_INFORMAL_SETTLEMENT': 0.566666666666667}",4152,272,2132,351,130,477,12,19
10,"{'RISK_PERCEPTION_THRESHOLD': 0.7, 'LOW_DAMAGE_THRESHOLD': 0.283333333333333, 'HIGH_DAMAGE_THRESHOLD': 0.52, 'TRUST_CHANGE': 0.113333333333333, 'FEAR_CHANGE': 0.113333333333333, 'AWARENESS_INCREASE': 0.346666666666667, 'AWARENESS_DECREASE': 0.14, 'FIX_DAMAGE_NEIGHBOURS': 0.03, 'FIX_DAMAGE_CONCRETE': 0.42, 'FIX_DAMAGE_MUDBRICK': 0.453333333333333, 'FIX_DAMAGE_INFORMAL_SETTLEMENT': 0.566666666666667}",4112,333,2191,349,130,477,14,19
11,"{'RISK_PERCEPTION_THRESHOLD': 0.7, 'LOW_DAMAGE_THRESHOLD': 0.283333333333333, 'HIGH_DAMAGE_THRESHOLD': 0.52, 'TRUST_CHANGE': 0.113333333333333, 'FEAR_CHANGE': 0.113333333333333, 'AWARENESS_INCREASE': 0.346666666666667, 'AWARENESS_DECREASE': 0.14, 'FIX_DAMAGE_NEIGHBOURS': 0.0566666666666667, 'FIX_DAMAGE_CONCRETE': 0.42, 'FIX_DAMAGE_MUDBRICK': 0.453333333333333, 'FIX_DAMAGE_INFORMAL_SETTLEMENT': 0.566666666666667}",4168,195,2266,349,127,492,2,4
12,"{'RISK_PERCEPTION_THRESHOLD': 0.3, 'LOW_DAMAGE_THRESHOLD': 0.15, 'HIGH_DAMAGE_THRESHOLD': 0.84, 'TRUST_CHANGE': 0.14, 'FEAR_CHANGE': 0.0866666666666667, 'AWARENESS_INCREASE': 0.453333333333333, 'AWARENESS_DECREASE': 0.06, 'FIX_DAMAGE_NEIGHBOURS': 0.07, 'FIX_DAMAGE_CONCRETE': 0.34, 'FIX_DAMAGE_MUDBRICK': 0.56, 'FIX_DAMAGE_INFORMAL_SETTLEMENT': 0.566666666666667}",5778,2109,3277,614,190,146,20,180
13,"{'RISK_PERCEPTION_THRESHOLD': 0.3, 'LOW_DAMAGE_THRESHOLD': 0.15, 'HIGH_DAMAGE_THRESHOLD': 0.84, 'TRUST_CHANGE': 0.14, 'FEAR_CHANGE': 0.0866666666666667, 'AWARENESS_INCREASE': 0.24, 'AWARENESS_DECREASE': 0.06, 'FIX_DAMAGE_NEIGHBOURS': 0.07, 'FIX_DAMAGE_CONCRETE': 0.34, 'FIX_DAMAGE_MUDBRICK': 0.56, 'FIX_DAMAGE_INFORMAL_SETTLEMENT': 0.566666666666667}",5514,2013,2976,617,186,117,50,262
14,"{'RISK_PERCEPTION_THRESHOLD': 0.3, 'LOW_DAMAGE_THRESHOLD': 0.15, 'HIGH_DAMAGE_THRESHOLD': 0.84, 'TRUST_CHANGE': 0.14, 'FEAR_CHANGE': 0.0866666666666667, 'AWARENESS_INCREASE': 0.24, 'AWARENESS_DECREASE': 0.06, 'FIX_DAMAGE_NEIGHBOURS': 0.07, 'FIX_DAMAGE_CONCRETE': 0.18, 'FIX_DAMAGE_MUDBRICK': 0.56, 'FIX_DAMAGE_INFORMAL_SETTLEMENT': 0.566666666666667}",6061,2069,3394,571,234,99,66,477
15,"{'RISK_PERCEPTION_THRESHOLD': 0.3, 'LOW_DAMAGE_THRESHOLD': 0.15, 'HIGH_DAMAGE_THRESHOLD': 0.84, 'TRUST_CHANGE': 0.0866666666666667, 'FEAR_CHANGE': 0.0866666666666667, 'AWARENESS_INCREASE': 0.24, 'AWARENESS_DECREASE': 0.06, 'FIX_DAMAGE_NEIGHBOURS': 0.07, 'FIX_DAMAGE_CONCRETE': 0.18, 'FIX_DAMAGE_MUDBRICK': 0.56, 'FIX_DAMAGE_INFORMAL_SETTLEMENT': 0.566666666666667}",5768,1896,3538,625,183,97,65,235
16,"{'RISK_PERCEPTION_THRESHOLD': 0.3, 'LOW_DAMAGE_THRESHOLD': 0.15, 'HIGH_DAMAGE_THRESHOLD': 0.84, 'TRUST_CHANGE': 0.0866666666666667, 'FEAR_CHANGE': 0.0866666666666667, 'AWARENESS_INCREASE': 0.24, 'AWARENESS_DECREASE': 0.06, 'FIX_DAMAGE_NEIGHBOURS': 0.07, 'FIX_DAMAGE_CONCRETE': 0.18, 'FIX_DAMAGE_MUDBRICK': 0.56, 'FIX_DAMAGE_INFORMAL_SETTLEMENT': 0.3}",6037,2958,3245,581,223,98,68,301
17,"{'RISK_PERCEPTION_THRESHOLD': 0.3, 'LOW_DAMAGE_THRESHOLD': 0.15, 'HIGH_DAMAGE_THRESHOLD': 0.84, 'TRUST_CHANGE': 0.0866666666666667, 'FEAR_CHANGE': 0.0866666666666667, 'AWARENESS_INCREASE': 0.24, 'AWARENESS_DECREASE': 0.113333333333333, 'FIX_DAMAGE_NEIGHBOURS': 0.07, 'FIX_DAMAGE_CONCRETE': 0.18, 'FIX_DAMAGE_MUDBRICK': 0.56, 'FIX_DAMAGE_INFORMAL_SETTLEMENT': 0.3}",5242,2043,3149,586,220,98,66,296
18,"{'RISK_PERCEPTION_THRESHOLD': 0.3, 'LOW_DAMAGE_THRESHOLD': 0.15, 'HIGH_DAMAGE_THRESHOLD': 0.84, 'TRUST_CHANGE': 0.0866666666666667, 'FEAR_CHANGE': 0.14, 'AWARENESS_INCREASE': 0.24, 'AWARENESS_DECREASE': 0.113333333333333, 'FIX_DAMAGE_NEIGHBOURS': 0.07, 'FIX_DAMAGE_CONCRETE': 0.18, 'FIX_DAMAGE_MUDBRICK': 0.56, 'FIX_DAMAGE_INFORMAL_SETTLEMENT': 0.3}",5068,1385,3164,604,204,94,68,310
19,"{'RISK_PERCEPTION_THRESHOLD': 0.566666666666667, 'LOW_DAMAGE_THRESHOLD': 0.15, 'HIGH_DAMAGE_THRESHOLD': 0.84, 'TRUST_CHANGE': 0.0866666666666667, 'FEAR_CHANGE': 0.14, 'AWARENESS_INCREASE': 0.24, 'AWARENESS_DECREASE': 0.113333333333333, 'FIX_DAMAGE_NEIGHBOURS': 0.07, 'FIX_DAMAGE_CONCRETE': 0.18, 'FIX_DAMAGE_MUDBRICK': 0.56, 'FIX_DAMAGE_INFORMAL_SETTLEMENT': 0.3}",3584,1128,1882,658,156,101,55,332
20,"{'RISK_PERCEPTION_THRESHOLD': 0.566666666666667, 'LOW_DAMAGE_THRESHOLD': 0.283333333333333, 'HIGH_DAMAGE_THRESHOLD': 0.84, 'TRUST_CHANGE': 0.0866666666666667, 'FEAR_CHANGE': 0.14, 'AWARENESS_INCREASE': 0.24, 'AWARENESS_DECREASE': 0.113333333333333, 'FIX_DAMAGE_NEIGHBOURS': 0.07, 'FIX_DAMAGE_CONCRETE': 0.18, 'FIX_DAMAGE_MUDBRICK': 0.56, 'FIX_DAMAGE_INFORMAL_SETTLEMENT': 0.3}",3663,1054,1922,659,153,118,40,82
21,"{'RISK_PERCEPTION_THRESHOLD': 0.566666666666667, 'LOW_DAMAGE_THRESHOLD': 0.283333333333333, 'HIGH_DAMAGE_THRESHOLD': 0.84, 'TRUST_CHANGE': 0.0866666666666667, 'FEAR_CHANGE': 0.14, 'AWARENESS_INCREASE': 0.24, 'AWARENESS_DECREASE': 0.113333333333333, 'FIX_DAMAGE_NEIGHBOURS': 0.0433333333333333, 'FIX_DAMAGE_CONCRETE': 0.18, 'FIX_DAMAGE_MUDBRICK': 0.56, 'FIX_DAMAGE_INFORMAL_SETTLEMENT': 0.3}",3846,573,2152,680,133,117,40,127
22,"{'RISK_PERCEPTION_THRESHOLD': 0.566666666666667, 'LOW_DAMAGE_THRESHOLD': 0.283333333333333, 'HIGH_DAMAGE_THRESHOLD': 0.52, 'TRUST_CHANGE': 0.0866666666666667, 'FEAR_CHANGE': 0.14, 'AWARENESS_INCREASE': 0.24, 'AWARENESS_DECREASE': 0.113333333333333, 'FIX_DAMAGE_NEIGHBOURS': 0.0433333333333333, 'FIX_DAMAGE_CONCRETE': 0.18, 'FIX_DAMAGE_MUDBRICK': 0.56, 'FIX_DAMAGE_INFORMAL_SETTLEMENT': 0.3}",4621,374,2515,381,122,449,18,192
23,"{'RISK_PERCEPTION_THRESHOLD': 0.566666666666667, 'LOW_DAMAGE_THRESHOLD': 0.283333333333333, 'HIGH_DAMAGE_THRESHOLD': 0.52, 'TRUST_CHANGE': 0.0866666666666667, 'FEAR_CHANGE': 0.14, 'AWARENESS_INCREASE': 0.24, 'AWARENESS_DECREASE': 0.113333333333333, 'FIX_DAMAGE_NEIGHBOURS': 0.0433333333333333, 'FIX_DAMAGE_CONCRETE': 0.18, 'FIX_DAMAGE_MUDBRICK': 0.346666666666667, 'FIX_DAMAGE_INFORMAL_SETTLEMENT': 0.3}",4534,509,2891,345,131,476,18,138
24,"{'RISK_PERCEPTION_THRESHOLD': 0.566666666666667, 'LOW_DAMAGE_THRESHOLD': 0.35, 'HIGH_DAMAGE_THRESHOLD': 0.68, 'TRUST_CHANGE': 0.14, 'FEAR_CHANGE': 0.113333333333333, 'AWARENESS_INCREASE': 0.453333333333333, 'AWARENESS_DECREASE': 0.14, 'FIX_DAMAGE_NEIGHBOURS': 0.03, 'FIX_DAMAGE_CONCRETE': 0.18, 'FIX_DAMAGE_MUDBRICK': 0.56, 'FIX_DAMAGE_INFORMAL_SETTLEMENT': 0.7}",4122,860,2070,687,125,90,68,127
25,"{'RISK_PERCEPTION_THRESHOLD': 0.566666666666667, 'LOW_DAMAGE_THRESHOLD': 0.35, 'HIGH_DAMAGE_THRESHOLD': 0.68, 'TRUST_CHANGE': 0.0866666666666667, 'FEAR_CHANGE': 0.113333333333333, 'AWARENESS_INCREASE': 0.453333333333333, 'AWARENESS_DECREASE': 0.14, 'FIX_DAMAGE_NEIGHBOURS': 0.03, 'FIX_DAMAGE_CONCRETE': 0.18, 'FIX_DAMAGE_MUDBRICK': 0.56, 'FIX_DAMAGE_INFORMAL_SETTLEMENT': 0.7}",4126,1829,2175,600,208,96,66,99
26,"{'RISK_PERCEPTION_THRESHOLD': 0.566666666666667, 'LOW_DAMAGE_THRESHOLD': 0.35, 'HIGH_DAMAGE_THRESHOLD': 0.36, 'TRUST_CHANGE': 0.0866666666666667, 'FEAR_CHANGE': 0.113333333333333, 'AWARENESS_INCREASE': 0.453333333333333, 'AWARENESS_DECREASE': 0.14, 'FIX_DAMAGE_NEIGHBOURS': 0.03, 'FIX_DAMAGE_CONCRETE': 0.18, 'FIX_DAMAGE_MUDBRICK': 0.56, 'FIX_DAMAGE_INFORMAL_SETTLEMENT': 0.7}",4639,609,2905,14,222,193,541,231
27,"{'RISK_PERCEPTION_THRESHOLD': 0.3, 'LOW_DAMAGE_THRESHOLD': 0.35, 'HIGH_DAMAGE_THRESHOLD': 0.36, 'TRUST_CHANGE': 0.0866666666666667, 'FEAR_CHANGE': 0.113333333333333, 'AWARENESS_INCREASE': 0.453333333333333, 'AWARENESS_DECREASE': 0.14, 'FIX_DAMAGE_NEIGHBOURS': 0.03, 'FIX_DAMAGE_CONCRETE': 0.18, 'FIX_DAMAGE_MUDBRICK': 0.56, 'FIX_DAMAGE_INFORMAL_SETTLEMENT': 0.7}",4667,551,3102,15,210,216,529,312
28,"{'RISK_PERCEPTION_THRESHOLD': 0.3, 'LOW_DAMAGE_THRESHOLD': 0.216666666666667, 'HIGH_DAMAGE_THRESHOLD': 0.36, 'TRUST_CHANGE': 0.0866666666666667, 'FEAR_CHANGE': 0.113333333333333, 'AWARENESS_INCREASE': 0.453333333333333, 'AWARENESS_DECREASE': 0.14, 'FIX_DAMAGE_NEIGHBOURS': 0.03, 'FIX_DAMAGE_CONCRETE': 0.18, 'FIX_DAMAGE_MUDBRICK': 0.56, 'FIX_DAMAGE_INFORMAL_SETTLEMENT': 0.7}",4464,723,2923,14,227,180,549,422
29,"{'RISK_PERCEPTION_THRESHOLD': 0.3, 'LOW_DAMAGE_THRESHOLD': 0.216666666666667, 'HIGH_DAMAGE_THRESHOLD': 0.36, 'TRUST_CHANGE': 0.0866666666666667, 'FEAR_CHANGE': 0.113333333333333, 'AWARENESS_INCREASE': 0.453333333333333, 'AWARENESS_DECREASE': 0.14, 'FIX_DAMAGE_NEIGHBOURS': 0.03, 'FIX_DAMAGE_CONCRETE': 0.18, 'FIX_DAMAGE_MUDBRICK': 0.346666666666667, 'FIX_DAMAGE_INFORMAL_SETTLEMENT': 0.7}",4660,1137,2884,13,209,198,550,608
30,"{'RISK_PERCEPTION_THRESHOLD': 0.3, 'LOW_DAMAGE_THRESHOLD': 0.216666666666667, 'HIGH_DAMAGE_THRESHOLD': 0.36, 'TRUST_CHANGE': 0.0866666666666667, 'FEAR_CHANGE': 0.06, 'AWARENESS_INCREASE': 0.453333333333333, 'AWARENESS_DECREASE': 0.14, 'FIX_DAMAGE_NEIGHBOURS': 0.03, 'FIX_DAMAGE_CONCRETE': 0.18, 'FIX_DAMAGE_MUDBRICK': 0.346666666666667, 'FIX_DAMAGE_INFORMAL_SETTLEMENT': 0.7}",4329,391,3120,12,225,185,548,473
31,"{'RISK_PERCEPTION_THRESHOLD': 0.3, 'LOW_DAMAGE_THRESHOLD': 0.216666666666667, 'HIGH_DAMAGE_THRESHOLD': 0.36, 'TRUST_CHANGE': 0.0866666666666667, 'FEAR_CHANGE': 0.06, 'AWARENESS_INCREASE': 0.453333333333333, 'AWARENESS_DECREASE': 0.14, 'FIX_DAMAGE_NEIGHBOURS': 0.03, 'FIX_DAMAGE_CONCRETE': 0.18, 'FIX_DAMAGE_MUDBRICK': 0.346666666666667, 'FIX_DAMAGE_INFORMAL_SETTLEMENT': 0.433333333333333}",4545,944,2886,1,239,144,586,495
32,"{'RISK_PERCEPTION_THRESHOLD': 0.3, 'LOW_DAMAGE_THRESHOLD': 0.216666666666667, 'HIGH_DAMAGE_THRESHOLD': 0.36, 'TRUST_CHANGE': 0.0866666666666667, 'FEAR_CHANGE': 0.06, 'AWARENESS_INCREASE': 0.24, 'AWARENESS_DECREASE': 0.14, 'FIX_DAMAGE_NEIGHBOURS': 0.03, 'FIX_DAMAGE_CONCRETE': 0.18, 'FIX_DAMAGE_MUDBRICK': 0.346666666666667, 'FIX_DAMAGE_INFORMAL_SETTLEMENT': 0.433333333333333}",4320,528,2829,0,236,149,585,614
33,"{'RISK_PERCEPTION_THRESHOLD': 0.3, 'LOW_DAMAGE_THRESHOLD': 0.216666666666667, 'HIGH_DAMAGE_THRESHOLD': 0.36, 'TRUST_CHANGE': 0.0866666666666667, 'FEAR_CHANGE': 0.06, 'AWARENESS_INCREASE': 0.24, 'AWARENESS_DECREASE': 0.0866666666666667, 'FIX_DAMAGE_NEIGHBOURS': 0.03, 'FIX_DAMAGE_CONCRETE': 0.18, 'FIX_DAMAGE_MUDBRICK': 0.346666666666667, 'FIX_DAMAGE_INFORMAL_SETTLEMENT': 0.433333333333333}",4602,1246,2891,1,218,168,583,543
34,"{'RISK_PERCEPTION_THRESHOLD': 0.3, 'LOW_DAMAGE_THRESHOLD': 0.216666666666667, 'HIGH_DAMAGE_THRESHOLD': 0.36, 'TRUST_CHANGE': 0.0866666666666667, 'FEAR_CHANGE': 0.06, 'AWARENESS_INCREASE': 0.24, 'AWARENESS_DECREASE': 0.0866666666666667, 'FIX_DAMAGE_NEIGHBOURS': 0.03, 'FIX_DAMAGE_CONCRETE': 0.34, 'FIX_DAMAGE_MUDBRICK': 0.346666666666667, 'FIX_DAMAGE_INFORMAL_SETTLEMENT': 0.433333333333333}",5275,1202,2951,336,120,151,363,359
35,"{'RISK_PERCEPTION_THRESHOLD': 0.3, 'LOW_DAMAGE_THRESHOLD': 0.216666666666667, 'HIGH_DAMAGE_THRESHOLD': 0.36, 'TRUST_CHANGE': 0.0866666666666667, 'FEAR_CHANGE': 0.06, 'AWARENESS_INCREASE': 0.24, 'AWARENESS_DECREASE': 0.0866666666666667, 'FIX_DAMAGE_NEIGHBOURS': 0.0566666666666667, 'FIX_DAMAGE_CONCRETE': 0.34, 'FIX_DAMAGE_MUDBRICK': 0.346666666666667, 'FIX_DAMAGE_INFORMAL_SETTLEMENT': 0.433333333333333}",5402,2312,2695,339,119,212,300,335
36,"{'RISK_PERCEPTION_THRESHOLD': 0.433333333333333, 'LOW_DAMAGE_THRESHOLD': 0.35, 'HIGH_DAMAGE_THRESHOLD': 0.36, 'TRUST_CHANGE': 0.06, 'FEAR_CHANGE': 0.0866666666666667, 'AWARENESS_INCREASE': 0.24, 'AWARENESS_DECREASE': 0.06, 'FIX_DAMAGE_NEIGHBOURS': 0.0433333333333333, 'FIX_DAMAGE_CONCRETE': 0.34, 'FIX_DAMAGE_MUDBRICK': 0.453333333333333, 'FIX_DAMAGE_INFORMAL_SETTLEMENT': 0.566666666666667}",4354,1926,2143,339,120,493,18,9
37,"{'RISK_PERCEPTION_THRESHOLD': 0.7, 'LOW_DAMAGE_THRESHOLD': 0.35, 'HIGH_DAMAGE_THRESHOLD': 0.36, 'TRUST_CHANGE': 0.06, 'FEAR_CHANGE': 0.0866666666666667, 'AWARENESS_INCREASE': 0.24, 'AWARENESS_DECREASE': 0.06, 'FIX_DAMAGE_NEIGHBOURS': 0.0433333333333333, 'FIX_DAMAGE_CONCRETE': 0.34, 'FIX_DAMAGE_MUDBRICK': 0.453333333333333, 'FIX_DAMAGE_INFORMAL_SETTLEMENT': 0.566666666666667}",4188,445,2160,336,136,471,27,8
38,"{'RISK_PERCEPTION_THRESHOLD': 0.7, 'LOW_DAMAGE_THRESHOLD': 0.35, 'HIGH_DAMAGE_THRESHOLD': 0.36, 'TRUST_CHANGE': 0.06, 'FEAR_CHANGE': 0.0866666666666667, 'AWARENESS_INCREASE': 0.24, 'AWARENESS_DECREASE': 0.06, 'FIX_DAMAGE_NEIGHBOURS': 0.0433333333333333, 'FIX_DAMAGE_CONCRETE': 0.18, 'FIX_DAMAGE_MUDBRICK': 0.453333333333333, 'FIX_DAMAGE_INFORMAL_SETTLEMENT': 0.566666666666667}",4620,352,2833,2,255,130,583,219
39,"{'RISK_PERCEPTION_THRESHOLD': 0.7, 'LOW_DAMAGE_THRESHOLD': 0.35, 'HIGH_DAMAGE_THRESHOLD': 0.36, 'TRUST_CHANGE': 0.06, 'FEAR_CHANGE': 0.0866666666666667, 'AWARENESS_INCREASE': 0.24, 'AWARENESS_DECREASE': 0.06, 'FIX_DAMAGE_NEIGHBOURS': 0.0433333333333333, 'FIX_DAMAGE_CONCRETE': 0.18, 'FIX_DAMAGE_MUDBRICK': 0.453333333333333, 'FIX_DAMAGE_INFORMAL_SETTLEMENT': 0.3}",4628,584,2559,3,228,146,593,295
40,"{'RISK_PERCEPTION_THRESHOLD': 0.7, 'LOW_DAMAGE_THRESHOLD': 0.35, 'HIGH_DAMAGE_THRESHOLD': 0.36, 'TRUST_CHANGE': 0.06, 'FEAR_CHANGE': 0.0866666666666667, 'AWARENESS_INCREASE': 0.24, 'AWARENESS_DECREASE': 0.06, 'FIX_DAMAGE_NEIGHBOURS': 0.0433333333333333, 'FIX_DAMAGE_CONCRETE': 0.18, 'FIX_DAMAGE_MUDBRICK': 0.24, 'FIX_DAMAGE_INFORMAL_SETTLEMENT': 0.3}",4540,562,2457,2,217,123,628,398
41,"{'RISK_PERCEPTION_THRESHOLD': 0.7, 'LOW_DAMAGE_THRESHOLD': 0.35, 'HIGH_DAMAGE_THRESHOLD': 0.36, 'TRUST_CHANGE': 0.06, 'FEAR_CHANGE': 0.14, 'AWARENESS_INCREASE': 0.24, 'AWARENESS_DECREASE': 0.06, 'FIX_DAMAGE_NEIGHBOURS': 0.0433333333333333, 'FIX_DAMAGE_CONCRETE': 0.18, 'FIX_DAMAGE_MUDBRICK': 0.24, 'FIX_DAMAGE_INFORMAL_SETTLEMENT': 0.3}",4367,192,2474,0,204,132,634,368
42,"{'RISK_PERCEPTION_THRESHOLD': 0.7, 'LOW_DAMAGE_THRESHOLD': 0.35, 'HIGH_DAMAGE_THRESHOLD': 0.36, 'TRUST_CHANGE': 0.06, 'FEAR_CHANGE': 0.14, 'AWARENESS_INCREASE': 0.453333333333333, 'AWARENESS_DECREASE': 0.06, 'FIX_DAMAGE_NEIGHBOURS': 0.0433333333333333, 'FIX_DAMAGE_CONCRETE': 0.18, 'FIX_DAMAGE_MUDBRICK': 0.24, 'FIX_DAMAGE_INFORMAL_SETTLEMENT': 0.3}",4404,226,2730,1,213,130,626,326
43,"{'RISK_PERCEPTION_THRESHOLD': 0.7, 'LOW_DAMAGE_THRESHOLD': 0.216666666666667, 'HIGH_DAMAGE_THRESHOLD': 0.36, 'TRUST_CHANGE': 0.06, 'FEAR_CHANGE': 0.14, 'AWARENESS_INCREASE': 0.453333333333333, 'AWARENESS_DECREASE': 0.06, 'FIX_DAMAGE_NEIGHBOURS': 0.0433333333333333, 'FIX_DAMAGE_CONCRETE': 0.18, 'FIX_DAMAGE_MUDBRICK': 0.24, 'FIX_DAMAGE_INFORMAL_SETTLEMENT': 0.3}",4296,317,2636,5,214,115,636,586
44,"{'RISK_PERCEPTION_THRESHOLD': 0.7, 'LOW_DAMAGE_THRESHOLD': 0.216666666666667, 'HIGH_DAMAGE_THRESHOLD': 0.36, 'TRUST_CHANGE': 0.06, 'FEAR_CHANGE': 0.14, 'AWARENESS_INCREASE': 0.453333333333333, 'AWARENESS_DECREASE': 0.113333333333333, 'FIX_DAMAGE_NEIGHBOURS': 0.0433333333333333, 'FIX_DAMAGE_CONCRETE': 0.18, 'FIX_DAMAGE_MUDBRICK': 0.24, 'FIX_DAMAGE_INFORMAL_SETTLEMENT': 0.3}",4274,388,2629,2,203,132,633,618
45,"{'RISK_PERCEPTION_THRESHOLD': 0.7, 'LOW_DAMAGE_THRESHOLD': 0.216666666666667, 'HIGH_DAMAGE_THRESHOLD': 0.36, 'TRUST_CHANGE': 0.06, 'FEAR_CHANGE': 0.14, 'AWARENESS_INCREASE': 0.453333333333333, 'AWARENESS_DECREASE': 0.113333333333333, 'FIX_DAMAGE_NEIGHBOURS': 0.07, 'FIX_DAMAGE_CONCRETE': 0.18, 'FIX_DAMAGE_MUDBRICK': 0.24, 'FIX_DAMAGE_INFORMAL_SETTLEMENT': 0.3}",4188,175,2598,2,198,135,635,580
46,"{'RISK_PERCEPTION_THRESHOLD': 0.7, 'LOW_DAMAGE_THRESHOLD': 0.216666666666667, 'HIGH_DAMAGE_THRESHOLD': 0.36, 'TRUST_CHANGE': 0.113333333333333, 'FEAR_CHANGE': 0.14, 'AWARENESS_INCREASE': 0.453333333333333, 'AWARENESS_DECREASE': 0.113333333333333, 'FIX_DAMAGE_NEIGHBOURS': 0.07, 'FIX_DAMAGE_CONCRETE': 0.18, 'FIX_DAMAGE_MUDBRICK': 0.24, 'FIX_DAMAGE_INFORMAL_SETTLEMENT': 0.3}",4360,390,2676,1,217,116,636,618
47,"{'RISK_PERCEPTION_THRESHOLD': 0.7, 'LOW_DAMAGE_THRESHOLD': 0.216666666666667, 'HIGH_DAMAGE_THRESHOLD': 0.68, 'TRUST_CHANGE': 0.113333333333333, 'FEAR_CHANGE': 0.14, 'AWARENESS_INCREASE': 0.453333333333333, 'AWARENESS_DECREASE': 0.113333333333333, 'FIX_DAMAGE_NEIGHBOURS': 0.07, 'FIX_DAMAGE_CONCRETE': 0.18, 'FIX_DAMAGE_MUDBRICK': 0.24, 'FIX_DAMAGE_INFORMAL_SETTLEMENT': 0.3}",3869,616,1803,617,145,17,191,238
48,"{'RISK_PERCEPTION_THRESHOLD': 0.3, 'LOW_DAMAGE_THRESHOLD': 0.35, 'HIGH_DAMAGE_THRESHOLD': 0.84, 'TRUST_CHANGE': 0.14, 'FEAR_CHANGE': 0.06, 'AWARENESS_INCREASE': 0.453333333333333, 'AWARENESS_DECREASE': 0.113333333333333, 'FIX_DAMAGE_NEIGHBOURS': 0.0433333333333333, 'FIX_DAMAGE_CONCRETE': 0.26, 'FIX_DAMAGE_MUDBRICK': 0.453333333333333, 'FIX_DAMAGE_INFORMAL_SETTLEMENT': 0.7}",4384,1444,2481,646,171,153,0,5
49,"{'RISK_PERCEPTION_THRESHOLD': 0.3, 'LOW_DAMAGE_THRESHOLD': 0.35, 'HIGH_DAMAGE_THRESHOLD': 0.84, 'TRUST_CHANGE': 0.14, 'FEAR_CHANGE': 0.06, 'AWARENESS_INCREASE': 0.453333333333333, 'AWARENESS_DECREASE': 0.113333333333333, 'FIX_DAMAGE_NEIGHBOURS': 0.0433333333333333, 'FIX_DAMAGE_CONCRETE': 0.42, 'FIX_DAMAGE_MUDBRICK': 0.453333333333333, 'FIX_DAMAGE_INFORMAL_SETTLEMENT': 0.7}",4303,2753,2251,578,229,163,0,11
50,"{'RISK_PERCEPTION_THRESHOLD': 0.3, 'LOW_DAMAGE_THRESHOLD': 0.35, 'HIGH_DAMAGE_THRESHOLD': 0.84, 'TRUST_CHANGE': 0.14, 'FEAR_CHANGE': 0.06, 'AWARENESS_INCREASE': 0.24, 'AWARENESS_DECREASE': 0.113333333333333, 'FIX_DAMAGE_NEIGHBOURS': 0.0433333333333333, 'FIX_DAMAGE_CONCRETE': 0.42, 'FIX_DAMAGE_MUDBRICK': 0.453333333333333, 'FIX_DAMAGE_INFORMAL_SETTLEMENT': 0.7}",4187,1701,2423,601,210,159,0,4
51,"{'RISK_PERCEPTION_THRESHOLD': 0.3, 'LOW_DAMAGE_THRESHOLD': 0.35, 'HIGH_DAMAGE_THRESHOLD': 0.84, 'TRUST_CHANGE': 0.14, 'FEAR_CHANGE': 0.113333333333333, 'AWARENESS_INCREASE': 0.24, 'AWARENESS_DECREASE': 0.113333333333333, 'FIX_DAMAGE_NEIGHBOURS': 0.0433333333333333, 'FIX_DAMAGE_CONCRETE': 0.42, 'FIX_DAMAGE_MUDBRICK': 0.453333333333333, 'FIX_DAMAGE_INFORMAL_SETTLEMENT': 0.7}",4031,1734,2133,612,203,155,0,3
52,"{'RISK_PERCEPTION_THRESHOLD': 0.3, 'LOW_DAMAGE_THRESHOLD': 0.35, 'HIGH_DAMAGE_THRESHOLD': 0.52, 'TRUST_CHANGE': 0.14, 'FEAR_CHANGE': 0.113333333333333, 'AWARENESS_INCREASE': 0.24, 'AWARENESS_DECREASE': 0.113333333333333, 'FIX_DAMAGE_NEIGHBOURS': 0.0433333333333333, 'FIX_DAMAGE_CONCRETE': 0.42, 'FIX_DAMAGE_MUDBRICK': 0.453333333333333, 'FIX_DAMAGE_INFORMAL_SETTLEMENT': 0.7}",4160,1528,2094,344,127,433,66,18
53,"{'RISK_PERCEPTION_THRESHOLD': 0.3, 'LOW_DAMAGE_THRESHOLD': 0.35, 'HIGH_DAMAGE_THRESHOLD': 0.52, 'TRUST_CHANGE': 0.14, 'FEAR_CHANGE': 0.113333333333333, 'AWARENESS_INCREASE': 0.24, 'AWARENESS_DECREASE': 0.113333333333333, 'FIX_DAMAGE_NEIGHBOURS': 0.07, 'FIX_DAMAGE_CONCRETE': 0.42, 'FIX_DAMAGE_MUDBRICK': 0.453333333333333, 'FIX_DAMAGE_INFORMAL_SETTLEMENT': 0.7}",4025,1094,2164,350,129,440,51,3
54,"{'RISK_PERCEPTION_THRESHOLD': 0.3, 'LOW_DAMAGE_THRESHOLD': 0.216666666666667, 'HIGH_DAMAGE_THRESHOLD': 0.52, 'TRUST_CHANGE': 0.14, 'FEAR_CHANGE': 0.113333333333333, 'AWARENESS_INCREASE': 0.24, 'AWARENESS_DECREASE': 0.113333333333333, 'FIX_DAMAGE_NEIGHBOURS': 0.07, 'FIX_DAMAGE_CONCRETE': 0.42, 'FIX_DAMAGE_MUDBRICK': 0.453333333333333, 'FIX_DAMAGE_INFORMAL_SETTLEMENT': 0.7}",4278,1543,2225,347,126,496,1,4
55,"{'RISK_PERCEPTION_THRESHOLD': 0.3, 'LOW_DAMAGE_THRESHOLD': 0.216666666666667, 'HIGH_DAMAGE_THRESHOLD': 0.52, 'TRUST_CHANGE': 0.14, 'FEAR_CHANGE': 0.113333333333333, 'AWARENESS_INCREASE': 0.24, 'AWARENESS_DECREASE': 0.113333333333333, 'FIX_DAMAGE_NEIGHBOURS': 0.07, 'FIX_DAMAGE_CONCRETE': 0.42, 'FIX_DAMAGE_MUDBRICK': 0.24, 'FIX_DAMAGE_INFORMAL_SETTLEMENT': 0.7}",4361,815,2316,346,121,438,65,5
56,"{'RISK_PERCEPTION_THRESHOLD': 0.566666666666667, 'LOW_DAMAGE_THRESHOLD': 0.216666666666667, 'HIGH_DAMAGE_THRESHOLD': 0.52, 'TRUST_CHANGE': 0.14, 'FEAR_CHANGE': 0.113333333333333, 'AWARENESS_INCREASE': 0.24, 'AWARENESS_DECREASE': 0.113333333333333, 'FIX_DAMAGE_NEIGHBOURS': 0.07, 'FIX_DAMAGE_CONCRETE': 0.42, 'FIX_DAMAGE_MUDBRICK': 0.24, 'FIX_DAMAGE_INFORMAL_SETTLEMENT': 0.7}",4151,426,2132,349,124,495,2,3
57,"{'RISK_PERCEPTION_THRESHOLD': 0.566666666666667, 'LOW_DAMAGE_THRESHOLD': 0.216666666666667, 'HIGH_DAMAGE_THRESHOLD': 0.52, 'TRUST_CHANGE': 0.14, 'FEAR_CHANGE': 0.113333333333333, 'AWARENESS_INCREASE': 0.24, 'AWARENESS_DECREASE': 0.06, 'FIX_DAMAGE_NEIGHBOURS': 0.07, 'FIX_DAMAGE_CONCRETE': 0.42, 'FIX_DAMAGE_MUDBRICK': 0.24, 'FIX_DAMAGE_INFORMAL_SETTLEMENT': 0.7}",4352,908,2302,352,121,450,47,6
58,"{'RISK_PERCEPTION_THRESHOLD': 0.566666666666667, 'LOW_DAMAGE_THRESHOLD': 0.216666666666667, 'HIGH_DAMAGE_THRESHOLD': 0.52, 'TRUST_CHANGE': 0.0866666666666667, 'FEAR_CHANGE': 0.113333333333333, 'AWARENESS_INCREASE': 0.24, 'AWARENESS_DECREASE': 0.06, 'FIX_DAMAGE_NEIGHBOURS': 0.07, 'FIX_DAMAGE_CONCRETE': 0.42, 'FIX_DAMAGE_MUDBRICK': 0.24, 'FIX_DAMAGE_INFORMAL_SETTLEMENT': 0.7}",4302,1329,2108,352,122,459,37,12
59,"{'RISK_PERCEPTION_THRESHOLD': 0.566666666666667, 'LOW_DAMAGE_THRESHOLD': 0.216666666666667, 'HIGH_DAMAGE_THRESHOLD': 0.52, 'TRUST_CHANGE': 0.0866666666666667, 'FEAR_CHANGE': 0.113333333333333, 'AWARENESS_INCREASE': 0.24, 'AWARENESS_DECREASE': 0.06, 'FIX_DAMAGE_NEIGHBOURS': 0.07, 'FIX_DAMAGE_CONCRETE': 0.42, 'FIX_DAMAGE_MUDBRICK': 0.24, 'FIX_DAMAGE_INFORMAL_SETTLEMENT': 0.433333333333333}",4263,763,2272,334,136,469,31,4
60,"{'RISK_PERCEPTION_THRESHOLD': 0.566666666666667, 'LOW_DAMAGE_THRESHOLD': 0.216666666666667, 'HIGH_DAMAGE_THRESHOLD': 0.36, 'TRUST_CHANGE': 0.113333333333333, 'FEAR_CHANGE': 0.0866666666666667, 'AWARENESS_INCREASE': 0.56, 'AWARENESS_DECREASE': 0.14, 'FIX_DAMAGE_NEIGHBOURS': 0.03, 'FIX_DAMAGE_CONCRETE': 0.18, 'FIX_DAMAGE_MUDBRICK': 0.453333333333333, 'FIX_DAMAGE_INFORMAL_SETTLEMENT': 0.3}",4425,529,2886,1,203,172,594,503
61,"{'RISK_PERCEPTION_THRESHOLD': 0.566666666666667, 'LOW_DAMAGE_THRESHOLD': 0.216666666666667, 'HIGH_DAMAGE_THRESHOLD': 0.36, 'TRUST_CHANGE': 0.113333333333333, 'FEAR_CHANGE': 0.0866666666666667, 'AWARENESS_INCREASE': 0.56, 'AWARENESS_DECREASE': 0.0866666666666667, 'FIX_DAMAGE_NEIGHBOURS': 0.03, 'FIX_DAMAGE_CONCRETE': 0.18, 'FIX_DAMAGE_MUDBRICK': 0.453333333333333, 'FIX_DAMAGE_INFORMAL_SETTLEMENT': 0.3}",4488,760,2646,1,237,140,592,554
62,"{'RISK_PERCEPTION_THRESHOLD': 0.566666666666667, 'LOW_DAMAGE_THRESHOLD': 0.216666666666667, 'HIGH_DAMAGE_THRESHOLD': 0.36, 'TRUST_CHANGE': 0.06, 'FEAR_CHANGE': 0.0866666666666667, 'AWARENESS_INCREASE': 0.56, 'AWARENESS_DECREASE': 0.0866666666666667, 'FIX_DAMAGE_NEIGHBOURS': 0.03, 'FIX_DAMAGE_CONCRETE': 0.18, 'FIX_DAMAGE_MUDBRICK': 0.453333333333333, 'FIX_DAMAGE_INFORMAL_SETTLEMENT': 0.3}",4481,975,2448,1,215,163,591,496
63,"{'RISK_PERCEPTION_THRESHOLD': 0.566666666666667, 'LOW_DAMAGE_THRESHOLD': 0.216666666666667, 'HIGH_DAMAGE_THRESHOLD': 0.36, 'TRUST_CHANGE': 0.06, 'FEAR_CHANGE': 0.0866666666666667, 'AWARENESS_INCREASE': 0.56, 'AWARENESS_DECREASE': 0.0866666666666667, 'FIX_DAMAGE_NEIGHBOURS': 0.0566666666666667, 'FIX_DAMAGE_CONCRETE': 0.18, 'FIX_DAMAGE_MUDBRICK': 0.453333333333333, 'FIX_DAMAGE_INFORMAL_SETTLEMENT': 0.3}",4663,979,2789,2,200,174,594,403
64,"{'RISK_PERCEPTION_THRESHOLD': 0.3, 'LOW_DAMAGE_THRESHOLD': 0.216666666666667, 'HIGH_DAMAGE_THRESHOLD': 0.36, 'TRUST_CHANGE': 0.06, 'FEAR_CHANGE': 0.0866666666666667, 'AWARENESS_INCREASE': 0.56, 'AWARENESS_DECREASE': 0.0866666666666667, 'FIX_DAMAGE_NEIGHBOURS': 0.0566666666666667, 'FIX_DAMAGE_CONCRETE': 0.18, 'FIX_DAMAGE_MUDBRICK': 0.453333333333333, 'FIX_DAMAGE_INFORMAL_SETTLEMENT': 0.3}",4492,1003,2701,1,197,181,591,436
65,"{'RISK_PERCEPTION_THRESHOLD': 0.3, 'LOW_DAMAGE_THRESHOLD': 0.216666666666667, 'HIGH_DAMAGE_THRESHOLD': 0.36, 'TRUST_CHANGE': 0.06, 'FEAR_CHANGE': 0.0866666666666667, 'AWARENESS_INCREASE': 0.56, 'AWARENESS_DECREASE': 0.0866666666666667, 'FIX_DAMAGE_NEIGHBOURS': 0.0566666666666667, 'FIX_DAMAGE_CONCRETE': 0.18, 'FIX_DAMAGE_MUDBRICK': 0.24, 'FIX_DAMAGE_INFORMAL_SETTLEMENT': 0.3}",4117,934,2577,0,165,170,635,617
66,"{'RISK_PERCEPTION_THRESHOLD': 0.3, 'LOW_DAMAGE_THRESHOLD': 0.216666666666667, 'HIGH_DAMAGE_THRESHOLD': 0.36, 'TRUST_CHANGE': 0.06, 'FEAR_CHANGE': 0.14, 'AWARENESS_INCREASE': 0.56, 'AWARENESS_DECREASE': 0.0866666666666667, 'FIX_DAMAGE_NEIGHBOURS': 0.0566666666666667, 'FIX_DAMAGE_CONCRETE': 0.18, 'FIX_DAMAGE_MUDBRICK': 0.24, 'FIX_DAMAGE_INFORMAL_SETTLEMENT': 0.3}",4200,397,2976,3,197,135,635,619
67,"{'RISK_PERCEPTION_THRESHOLD': 0.3, 'LOW_DAMAGE_THRESHOLD': 0.216666666666667, 'HIGH_DAMAGE_THRESHOLD': 0.68, 'TRUST_CHANGE': 0.06, 'FEAR_CHANGE': 0.14, 'AWARENESS_INCREASE': 0.56, 'AWARENESS_DECREASE': 0.0866666666666667, 'FIX_DAMAGE_NEIGHBOURS': 0.0566666666666667, 'FIX_DAMAGE_CONCRETE': 0.18, 'FIX_DAMAGE_MUDBRICK': 0.24, 'FIX_DAMAGE_INFORMAL_SETTLEMENT': 0.3}",5656,911,3953,610,153,18,189,576
68,"{'RISK_PERCEPTION_THRESHOLD': 0.3, 'LOW_DAMAGE_THRESHOLD': 0.35, 'HIGH_DAMAGE_THRESHOLD': 0.68, 'TRUST_CHANGE': 0.06, 'FEAR_CHANGE': 0.14, 'AWARENESS_INCREASE': 0.56, 'AWARENESS_DECREASE': 0.0866666666666667, 'FIX_DAMAGE_NEIGHBOURS': 0.0566666666666667, 'FIX_DAMAGE_CONCRETE': 0.18, 'FIX_DAMAGE_MUDBRICK': 0.24, 'FIX_DAMAGE_INFORMAL_SETTLEMENT': 0.3}",5647,1523,3283,567,192,83,128,172
69,"{'RISK_PERCEPTION_THRESHOLD': 0.3, 'LOW_DAMAGE_THRESHOLD': 0.35, 'HIGH_DAMAGE_THRESHOLD': 0.68, 'TRUST_CHANGE': 0.06, 'FEAR_CHANGE': 0.14, 'AWARENESS_INCREASE': 0.56, 'AWARENESS_DECREASE': 0.0866666666666667, 'FIX_DAMAGE_NEIGHBOURS': 0.0566666666666667, 'FIX_DAMAGE_CONCRETE': 0.18, 'FIX_DAMAGE_MUDBRICK': 0.24, 'FIX_DAMAGE_INFORMAL_SETTLEMENT': 0.566666666666667}",5583,1326,3535,555,216,73,126,147
70,"{'RISK_PERCEPTION_THRESHOLD': 0.3, 'LOW_DAMAGE_THRESHOLD': 0.35, 'HIGH_DAMAGE_THRESHOLD': 0.68, 'TRUST_CHANGE': 0.06, 'FEAR_CHANGE': 0.14, 'AWARENESS_INCREASE': 0.346666666666667, 'AWARENESS_DECREASE': 0.0866666666666667, 'FIX_DAMAGE_NEIGHBOURS': 0.0566666666666667, 'FIX_DAMAGE_CONCRETE': 0.18, 'FIX_DAMAGE_MUDBRICK': 0.24, 'FIX_DAMAGE_INFORMAL_SETTLEMENT': 0.566666666666667}",5221,1682,3367,594,180,153,43,118
71,"{'RISK_PERCEPTION_THRESHOLD': 0.3, 'LOW_DAMAGE_THRESHOLD': 0.35, 'HIGH_DAMAGE_THRESHOLD': 0.68, 'TRUST_CHANGE': 0.06, 'FEAR_CHANGE': 0.14, 'AWARENESS_INCREASE': 0.346666666666667, 'AWARENESS_DECREASE': 0.0866666666666667, 'FIX_DAMAGE_NEIGHBOURS': 0.0566666666666667, 'FIX_DAMAGE_CONCRETE': 0.34, 'FIX_DAMAGE_MUDBRICK': 0.24, 'FIX_DAMAGE_INFORMAL_SETTLEMENT': 0.566666666666667}",4371,2273,2167,537,242,151,40,6
72,"{'RISK_PERCEPTION_THRESHOLD': 0.7, 'LOW_DAMAGE_THRESHOLD': 0.216666666666667, 'HIGH_DAMAGE_THRESHOLD': 0.52, 'TRUST_CHANGE': 0.06, 'FEAR_CHANGE': 0.14, 'AWARENESS_INCREASE': 0.56, 'AWARENESS_DECREASE': 0.06, 'FIX_DAMAGE_NEIGHBOURS': 0.0566666666666667, 'FIX_DAMAGE_CONCRETE': 0.34, 'FIX_DAMAGE_MUDBRICK': 0.56, 'FIX_DAMAGE_INFORMAL_SETTLEMENT': 0.433333333333333}",4612,396,2595,374,137,457,2,9
73,"{'RISK_PERCEPTION_THRESHOLD': 0.7, 'LOW_DAMAGE_THRESHOLD': 0.216666666666667, 'HIGH_DAMAGE_THRESHOLD': 0.52, 'TRUST_CHANGE': 0.113333333333333, 'FEAR_CHANGE': 0.14, 'AWARENESS_INCREASE': 0.56, 'AWARENESS_DECREASE': 0.06, 'FIX_DAMAGE_NEIGHBOURS': 0.0566666666666667, 'FIX_DAMAGE_CONCRETE': 0.34, 'FIX_DAMAGE_MUDBRICK': 0.56, 'FIX_DAMAGE_INFORMAL_SETTLEMENT': 0.433333333333333}",4707,358,2558,376,123,468,3,7
74,"{'RISK_PERCEPTION_THRESHOLD': 0.7, 'LOW_DAMAGE_THRESHOLD': 0.216666666666667, 'HIGH_DAMAGE_THRESHOLD': 0.52, 'TRUST_CHANGE': 0.113333333333333, 'FEAR_CHANGE': 0.14, 'AWARENESS_INCREASE': 0.56, 'AWARENESS_DECREASE': 0.06, 'FIX_DAMAGE_NEIGHBOURS': 0.0566666666666667, 'FIX_DAMAGE_CONCRETE': 0.34, 'FIX_DAMAGE_MUDBRICK': 0.56, 'FIX_DAMAGE_INFORMAL_SETTLEMENT': 0.7}",4643,269,2554,390,121,455,4,15
75,"{'RISK_PERCEPTION_THRESHOLD': 0.7, 'LOW_DAMAGE_THRESHOLD': 0.216666666666667, 'HIGH_DAMAGE_THRESHOLD': 0.52, 'TRUST_CHANGE': 0.113333333333333, 'FEAR_CHANGE': 0.0866666666666667, 'AWARENESS_INCREASE': 0.56, 'AWARENESS_DECREASE': 0.06, 'FIX_DAMAGE_NEIGHBOURS': 0.0566666666666667, 'FIX_DAMAGE_CONCRETE': 0.34, 'FIX_DAMAGE_MUDBRICK': 0.56, 'FIX_DAMAGE_INFORMAL_SETTLEMENT': 0.7}",4851,840,2436,393,111,461,5,8
76,"{'RISK_PERCEPTION_THRESHOLD': 0.7, 'LOW_DAMAGE_THRESHOLD': 0.216666666666667, 'HIGH_DAMAGE_THRESHOLD': 0.52, 'TRUST_CHANGE': 0.113333333333333, 'FEAR_CHANGE': 0.0866666666666667, 'AWARENESS_INCREASE': 0.56, 'AWARENESS_DECREASE': 0.06, 'FIX_DAMAGE_NEIGHBOURS': 0.0566666666666667, 'FIX_DAMAGE_CONCRETE': 0.18, 'FIX_DAMAGE_MUDBRICK': 0.56, 'FIX_DAMAGE_INFORMAL_SETTLEMENT': 0.7}",4767,760,2478,389,125,436,20,13
77,"{'RISK_PERCEPTION_THRESHOLD': 0.7, 'LOW_DAMAGE_THRESHOLD': 0.216666666666667, 'HIGH_DAMAGE_THRESHOLD': 0.52, 'TRUST_CHANGE': 0.113333333333333, 'FEAR_CHANGE': 0.0866666666666667, 'AWARENESS_INCREASE': 0.56, 'AWARENESS_DECREASE': 0.113333333333333, 'FIX_DAMAGE_NEIGHBOURS': 0.0566666666666667, 'FIX_DAMAGE_CONCRETE': 0.18, 'FIX_DAMAGE_MUDBRICK': 0.56, 'FIX_DAMAGE_INFORMAL_SETTLEMENT': 0.7}",4875,764,2351,389,119,455,7,9
78,"{'RISK_PERCEPTION_THRESHOLD': 0.7, 'LOW_DAMAGE_THRESHOLD': 0.216666666666667, 'HIGH_DAMAGE_THRESHOLD': 0.84, 'TRUST_CHANGE': 0.113333333333333, 'FEAR_CHANGE': 0.0866666666666667, 'AWARENESS_INCREASE': 0.56, 'AWARENESS_DECREASE': 0.113333333333333, 'FIX_DAMAGE_NEIGHBOURS': 0.0566666666666667, 'FIX_DAMAGE_CONCRETE': 0.18, 'FIX_DAMAGE_MUDBRICK': 0.56, 'FIX_DAMAGE_INFORMAL_SETTLEMENT': 0.7}",3515,832,1717,671,139,160,0,13
79,"{'RISK_PERCEPTION_THRESHOLD': 0.7, 'LOW_DAMAGE_THRESHOLD': 0.216666666666667, 'HIGH_DAMAGE_THRESHOLD': 0.84, 'TRUST_CHANGE': 0.113333333333333, 'FEAR_CHANGE': 0.0866666666666667, 'AWARENESS_INCREASE': 0.346666666666667, 'AWARENESS_DECREASE': 0.113333333333333, 'FIX_DAMAGE_NEIGHBOURS': 0.0566666666666667, 'FIX_DAMAGE_CONCRETE': 0.18, 'FIX_DAMAGE_MUDBRICK': 0.56, 'FIX_DAMAGE_INFORMAL_SETTLEMENT': 0.7}",2998,198,1503,753,58,159,0,6
80,"{'RISK_PERCEPTION_THRESHOLD': 0.7, 'LOW_DAMAGE_THRESHOLD': 0.216666666666667, 'HIGH_DAMAGE_THRESHOLD': 0.84, 'TRUST_CHANGE': 0.113333333333333, 'FEAR_CHANGE': 0.0866666666666667, 'AWARENESS_INCREASE': 0.346666666666667, 'AWARENESS_DECREASE': 0.113333333333333, 'FIX_DAMAGE_NEIGHBOURS': 0.03, 'FIX_DAMAGE_CONCRETE': 0.18, 'FIX_DAMAGE_MUDBRICK': 0.56, 'FIX_DAMAGE_INFORMAL_SETTLEMENT': 0.7}",3203,566,1516,680,129,157,4,41
81,"{'RISK_PERCEPTION_THRESHOLD': 0.7, 'LOW_DAMAGE_THRESHOLD': 0.35, 'HIGH_DAMAGE_THRESHOLD': 0.84, 'TRUST_CHANGE': 0.113333333333333, 'FEAR_CHANGE': 0.0866666666666667, 'AWARENESS_INCREASE': 0.346666666666667, 'AWARENESS_DECREASE': 0.113333333333333, 'FIX_DAMAGE_NEIGHBOURS': 0.03, 'FIX_DAMAGE_CONCRETE': 0.18, 'FIX_DAMAGE_MUDBRICK': 0.56, 'FIX_DAMAGE_INFORMAL_SETTLEMENT': 0.7}",3212,883,1189,669,154,146,1,9
82,"{'RISK_PERCEPTION_THRESHOLD': 0.7, 'LOW_DAMAGE_THRESHOLD': 0.35, 'HIGH_DAMAGE_THRESHOLD': 0.84, 'TRUST_CHANGE': 0.113333333333333, 'FEAR_CHANGE': 0.0866666666666667, 'AWARENESS_INCREASE': 0.346666666666667, 'AWARENESS_DECREASE': 0.113333333333333, 'FIX_DAMAGE_NEIGHBOURS': 0.03, 'FIX_DAMAGE_CONCRETE': 0.18, 'FIX_DAMAGE_MUDBRICK': 0.346666666666667, 'FIX_DAMAGE_INFORMAL_SETTLEMENT': 0.7}",3100,871,1409,669,141,159,1,20
83,"{'RISK_PERCEPTION_THRESHOLD': 0.433333333333333, 'LOW_DAMAGE_THRESHOLD': 0.35, 'HIGH_DAMAGE_THRESHOLD': 0.84, 'TRUST_CHANGE': 0.113333333333333, 'FEAR_CHANGE': 0.0866666666666667, 'AWARENESS_INCREASE': 0.346666666666667, 'AWARENESS_DECREASE': 0.113333333333333, 'FIX_DAMAGE_NEIGHBOURS': 0.03, 'FIX_DAMAGE_CONCRETE': 0.18, 'FIX_DAMAGE_MUDBRICK': 0.346666666666667, 'FIX_DAMAGE_INFORMAL_SETTLEMENT': 0.7}",5109,1290,2734,601,207,97,65,254
84,"{'RISK_PERCEPTION_THRESHOLD': 0.7, 'LOW_DAMAGE_THRESHOLD': 0.283333333333333, 'HIGH_DAMAGE_THRESHOLD': 0.84, 'TRUST_CHANGE': 0.0866666666666667, 'FEAR_CHANGE': 0.113333333333333, 'AWARENESS_INCREASE': 0.453333333333333, 'AWARENESS_DECREASE': 0.0866666666666667, 'FIX_DAMAGE_NEIGHBOURS': 0.0566666666666667, 'FIX_DAMAGE_CONCRETE': 0.18, 'FIX_DAMAGE_MUDBRICK': 0.453333333333333, 'FIX_DAMAGE_INFORMAL_SETTLEMENT': 0.433333333333333}",3338,864,1209,657,157,156,0,4
85,"{'RISK_PERCEPTION_THRESHOLD': 0.7, 'LOW_DAMAGE_THRESHOLD': 0.283333333333333, 'HIGH_DAMAGE_THRESHOLD': 0.84, 'TRUST_CHANGE': 0.14, 'FEAR_CHANGE': 0.113333333333333, 'AWARENESS_INCREASE': 0.453333333333333, 'AWARENESS_DECREASE': 0.0866666666666667, 'FIX_DAMAGE_NEIGHBOURS': 0.0566666666666667, 'FIX_DAMAGE_CONCRETE': 0.18, 'FIX_DAMAGE_MUDBRICK': 0.453333333333333, 'FIX_DAMAGE_INFORMAL_SETTLEMENT': 0.433333333333333}",3409,512,1191,718,93,159,0,4
86,"{'RISK_PERCEPTION_THRESHOLD': 0.7, 'LOW_DAMAGE_THRESHOLD': 0.15, 'HIGH_DAMAGE_THRESHOLD': 0.84, 'TRUST_CHANGE': 0.14, 'FEAR_CHANGE': 0.113333333333333, 'AWARENESS_INCREASE': 0.453333333333333, 'AWARENESS_DECREASE': 0.0866666666666667, 'FIX_DAMAGE_NEIGHBOURS': 0.0566666666666667, 'FIX_DAMAGE_CONCRETE': 0.18, 'FIX_DAMAGE_MUDBRICK': 0.453333333333333, 'FIX_DAMAGE_INFORMAL_SETTLEMENT': 0.433333333333333}",3521,725,1347,667,146,156,1,45
87,"{'RISK_PERCEPTION_THRESHOLD': 0.7, 'LOW_DAMAGE_THRESHOLD': 0.15, 'HIGH_DAMAGE_THRESHOLD': 0.84, 'TRUST_CHANGE': 0.14, 'FEAR_CHANGE': 0.113333333333333, 'AWARENESS_INCREASE': 0.453333333333333, 'AWARENESS_DECREASE': 0.0866666666666667, 'FIX_DAMAGE_NEIGHBOURS': 0.03, 'FIX_DAMAGE_CONCRETE': 0.18, 'FIX_DAMAGE_MUDBRICK': 0.453333333333333, 'FIX_DAMAGE_INFORMAL_SETTLEMENT': 0.433333333333333}",3477,420,1591,709,99,146,16,153
88,"{'RISK_PERCEPTION_THRESHOLD': 0.7, 'LOW_DAMAGE_THRESHOLD': 0.15, 'HIGH_DAMAGE_THRESHOLD': 0.84, 'TRUST_CHANGE': 0.14, 'FEAR_CHANGE': 0.113333333333333, 'AWARENESS_INCREASE': 0.453333333333333, 'AWARENESS_DECREASE': 0.0866666666666667, 'FIX_DAMAGE_NEIGHBOURS': 0.03, 'FIX_DAMAGE_CONCRETE': 0.18, 'FIX_DAMAGE_MUDBRICK': 0.24, 'FIX_DAMAGE_INFORMAL_SETTLEMENT': 0.433333333333333}",3565,819,1550,665,140,96,69,211
89,"{'RISK_PERCEPTION_THRESHOLD': 0.7, 'LOW_DAMAGE_THRESHOLD': 0.15, 'HIGH_DAMAGE_THRESHOLD': 0.84, 'TRUST_CHANGE': 0.14, 'FEAR_CHANGE': 0.113333333333333, 'AWARENESS_INCREASE': 0.453333333333333, 'AWARENESS_DECREASE': 0.14, 'FIX_DAMAGE_NEIGHBOURS': 0.03, 'FIX_DAMAGE_CONCRETE': 0.18, 'FIX_DAMAGE_MUDBRICK': 0.24, 'FIX_DAMAGE_INFORMAL_SETTLEMENT': 0.433333333333333}",3172,796,1385,668,136,99,67,144
90,"{'RISK_PERCEPTION_THRESHOLD': 0.7, 'LOW_DAMAGE_THRESHOLD': 0.15, 'HIGH_DAMAGE_THRESHOLD': 0.84, 'TRUST_CHANGE': 0.14, 'FEAR_CHANGE': 0.113333333333333, 'AWARENESS_INCREASE': 0.24, 'AWARENESS_DECREASE': 0.14, 'FIX_DAMAGE_NEIGHBOURS': 0.03, 'FIX_DAMAGE_CONCRETE': 0.18, 'FIX_DAMAGE_MUDBRICK': 0.24, 'FIX_DAMAGE_INFORMAL_SETTLEMENT': 0.433333333333333}",2696,585,1287,676,136,89,69,199
91,"{'RISK_PERCEPTION_THRESHOLD': 0.433333333333333, 'LOW_DAMAGE_THRESHOLD': 0.15, 'HIGH_DAMAGE_THRESHOLD': 0.84, 'TRUST_CHANGE': 0.14, 'FEAR_CHANGE': 0.113333333333333, 'AWARENESS_INCREASE': 0.24, 'AWARENESS_DECREASE': 0.14, 'FIX_DAMAGE_NEIGHBOURS': 0.03, 'FIX_DAMAGE_CONCRETE': 0.18, 'FIX_DAMAGE_MUDBRICK': 0.24, 'FIX_DAMAGE_INFORMAL_SETTLEMENT': 0.433333333333333}",4339,785,2959,668,142,91,69,468
92,"{'RISK_PERCEPTION_THRESHOLD': 0.433333333333333, 'LOW_DAMAGE_THRESHOLD': 0.15, 'HIGH_DAMAGE_THRESHOLD': 0.84, 'TRUST_CHANGE': 0.14, 'FEAR_CHANGE': 0.06, 'AWARENESS_INCREASE': 0.24, 'AWARENESS_DECREASE': 0.14, 'FIX_DAMAGE_NEIGHBOURS': 0.03, 'FIX_DAMAGE_CONCRETE': 0.18, 'FIX_DAMAGE_MUDBRICK': 0.24, 'FIX_DAMAGE_INFORMAL_SETTLEMENT': 0.433333333333333}",5131,1753,2808,610,202,89,69,305
93,"{'RISK_PERCEPTION_THRESHOLD': 0.433333333333333, 'LOW_DAMAGE_THRESHOLD': 0.15, 'HIGH_DAMAGE_THRESHOLD': 0.52, 'TRUST_CHANGE': 0.14, 'FEAR_CHANGE': 0.06, 'AWARENESS_INCREASE': 0.24, 'AWARENESS_DECREASE': 0.14, 'FIX_DAMAGE_NEIGHBOURS': 0.03, 'FIX_DAMAGE_CONCRETE': 0.18, 'FIX_DAMAGE_MUDBRICK': 0.24, 'FIX_DAMAGE_INFORMAL_SETTLEMENT': 0.433333333333333}",4797,1360,2549,336,102,130,402,445
94,"{'RISK_PERCEPTION_THRESHOLD': 0.433333333333333, 'LOW_DAMAGE_THRESHOLD': 0.15, 'HIGH_DAMAGE_THRESHOLD': 0.52, 'TRUST_CHANGE': 0.14, 'FEAR_CHANGE': 0.06, 'AWARENESS_INCREASE': 0.24, 'AWARENESS_DECREASE': 0.14, 'FIX_DAMAGE_NEIGHBOURS': 0.03, 'FIX_DAMAGE_CONCRETE': 0.34, 'FIX_DAMAGE_MUDBRICK': 0.24, 'FIX_DAMAGE_INFORMAL_SETTLEMENT': 0.433333333333333}",4901,866,2982,336,121,426,87,331
95,"{'RISK_PERCEPTION_THRESHOLD': 0.433333333333333, 'LOW_DAMAGE_THRESHOLD': 0.15, 'HIGH_DAMAGE_THRESHOLD': 0.52, 'TRUST_CHANGE': 0.14, 'FEAR_CHANGE': 0.06, 'AWARENESS_INCREASE': 0.24, 'AWARENESS_DECREASE': 0.14, 'FIX_DAMAGE_NEIGHBOURS': 0.03, 'FIX_DAMAGE_CONCRETE': 0.34, 'FIX_DAMAGE_MUDBRICK': 0.24, 'FIX_DAMAGE_INFORMAL_SETTLEMENT': 0.7}",4931,1486,2700,344,126,401,99,305
96,"{'RISK_PERCEPTION_THRESHOLD': 0.3, 'LOW_DAMAGE_THRESHOLD': 0.283333333333333, 'HIGH_DAMAGE_THRESHOLD': 0.68, 'TRUST_CHANGE': 0.06, 'FEAR_CHANGE': 0.06, 'AWARENESS_INCREASE': 0.453333333333333, 'AWARENESS_DECREASE': 0.14, 'FIX_DAMAGE_NEIGHBOURS': 0.0433333333333333, 'FIX_DAMAGE_CONCRETE': 0.42, 'FIX_DAMAGE_MUDBRICK': 0.56, 'FIX_DAMAGE_INFORMAL_SETTLEMENT': 0.3}",4559,1659,2275,611,197,161,1,21
97,"{'RISK_PERCEPTION_THRESHOLD': 0.3, 'LOW_DAMAGE_THRESHOLD': 0.283333333333333, 'HIGH_DAMAGE_THRESHOLD': 0.68, 'TRUST_CHANGE': 0.113333333333333, 'FEAR_CHANGE': 0.06, 'AWARENESS_INCREASE': 0.453333333333333, 'AWARENESS_DECREASE': 0.14, 'FIX_DAMAGE_NEIGHBOURS': 0.0433333333333333, 'FIX_DAMAGE_CONCRETE': 0.42, 'FIX_DAMAGE_MUDBRICK': 0.56, 'FIX_DAMAGE_INFORMAL_SETTLEMENT': 0.3}",4252,1907,2148,624,182,162,2,6
98,"{'RISK_PERCEPTION_THRESHOLD': 0.3, 'LOW_DAMAGE_THRESHOLD': 0.15, 'HIGH_DAMAGE_THRESHOLD': 0.68, 'TRUST_CHANGE': 0.113333333333333, 'FEAR_CHANGE': 0.06, 'AWARENESS_INCREASE': 0.453333333333333, 'AWARENESS_DECREASE': 0.14, 'FIX_DAMAGE_NEIGHBOURS': 0.0433333333333333, 'FIX_DAMAGE_CONCRETE': 0.42, 'FIX_DAMAGE_MUDBRICK': 0.56, 'FIX_DAMAGE_INFORMAL_SETTLEMENT': 0.3}",5885,2410,2951,565,234,101,70,281
99,"{'RISK_PERCEPTION_THRESHOLD': 0.566666666666667, 'LOW_DAMAGE_THRESHOLD': 0.15, 'HIGH_DAMAGE_THRESHOLD': 0.68, 'TRUST_CHANGE': 0.113333333333333, 'FEAR_CHANGE': 0.06, 'AWARENESS_INCREASE': 0.453333333333333, 'AWARENESS_DECREASE': 0.14, 'FIX_DAMAGE_NEIGHBOURS': 0.0433333333333333, 'FIX_DAMAGE_CONCRETE': 0.42, 'FIX_DAMAGE_MUDBRICK': 0.56, 'FIX_DAMAGE_INFORMAL_SETTLEMENT': 0.3}",4721,1238,2505,597,204,107,62,192
100,"{'RISK_PERCEPTION_THRESHOLD': 0.566666666666667, 'LOW_DAMAGE_THRESHOLD': 0.15, 'HIGH_DAMAGE_THRESHOLD': 0.36, 'TRUST_CHANGE': 0.113333333333333, 'FEAR_CHANGE': 0.06, 'AWARENESS_INCREASE': 0.453333333333333, 'AWARENESS_DECREASE': 0.14, 'FIX_DAMAGE_NEIGHBOURS': 0.0433333333333333, 'FIX_DAMAGE_CONCRETE': 0.42, 'FIX_DAMAGE_MUDBRICK': 0.56, 'FIX_DAMAGE_INFORMAL_SETTLEMENT': 0.3}",5001,1009,2934,333,128,379,130,149
101,"{'RISK_PERCEPTION_THRESHOLD': 0.566666666666667, 'LOW_DAMAGE_THRESHOLD': 0.15, 'HIGH_DAMAGE_THRESHOLD': 0.36, 'TRUST_CHANGE': 0.113333333333333, 'FEAR_CHANGE': 0.06, 'AWARENESS_INCREASE': 0.453333333333333, 'AWARENESS_DECREASE': 0.14, 'FIX_DAMAGE_NEIGHBOURS': 0.0433333333333333, 'FIX_DAMAGE_CONCRETE': 0.42, 'FIX_DAMAGE_MUDBRICK': 0.346666666666667, 'FIX_DAMAGE_INFORMAL_SETTLEMENT': 0.3}",4818,933,2944,332,130,334,174,178
102,"{'RISK_PERCEPTION_THRESHOLD': 0.566666666666667, 'LOW_DAMAGE_THRESHOLD': 0.15, 'HIGH_DAMAGE_THRESHOLD': 0.36, 'TRUST_CHANGE': 0.113333333333333, 'FEAR_CHANGE': 0.06, 'AWARENESS_INCREASE': 0.453333333333333, 'AWARENESS_DECREASE': 0.14, 'FIX_DAMAGE_NEIGHBOURS': 0.0433333333333333, 'FIX_DAMAGE_CONCRETE': 0.26, 'FIX_DAMAGE_MUDBRICK': 0.346666666666667, 'FIX_DAMAGE_INFORMAL_SETTLEMENT': 0.3}",4862,903,2841,341,125,323,181,193
103,"{'RISK_PERCEPTION_THRESHOLD': 0.566666666666667, 'LOW_DAMAGE_THRESHOLD': 0.15, 'HIGH_DAMAGE_THRESHOLD': 0.36, 'TRUST_CHANGE': 0.113333333333333, 'FEAR_CHANGE': 0.06, 'AWARENESS_INCREASE': 0.453333333333333, 'AWARENESS_DECREASE': 0.14, 'FIX_DAMAGE_NEIGHBOURS': 0.0433333333333333, 'FIX_DAMAGE_CONCRETE': 0.26, 'FIX_DAMAGE_MUDBRICK': 0.346666666666667, 'FIX_DAMAGE_INFORMAL_SETTLEMENT': 0.566666666666667}",4969,1415,2694,335,130,332,173,198
104,"{'RISK_PERCEPTION_THRESHOLD': 0.566666666666667, 'LOW_DAMAGE_THRESHOLD': 0.15, 'HIGH_DAMAGE_THRESHOLD': 0.36, 'TRUST_CHANGE': 0.113333333333333, 'FEAR_CHANGE': 0.113333333333333, 'AWARENESS_INCREASE': 0.453333333333333, 'AWARENESS_DECREASE': 0.14, 'FIX_DAMAGE_NEIGHBOURS': 0.0433333333333333, 'FIX_DAMAGE_CONCRETE': 0.26, 'FIX_DAMAGE_MUDBRICK': 0.346666666666667, 'FIX_DAMAGE_INFORMAL_SETTLEMENT': 0.566666666666667}",4422,663,2685,339,121,223,287,266
105,"{'RISK_PERCEPTION_THRESHOLD': 0.566666666666667, 'LOW_DAMAGE_THRESHOLD': 0.15, 'HIGH_DAMAGE_THRESHOLD': 0.36, 'TRUST_CHANGE': 0.113333333333333, 'FEAR_CHANGE': 0.113333333333333, 'AWARENESS_INCREASE': 0.24, 'AWARENESS_DECREASE': 0.14, 'FIX_DAMAGE_NEIGHBOURS': 0.0433333333333333, 'FIX_DAMAGE_CONCRETE': 0.26, 'FIX_DAMAGE_MUDBRICK': 0.346666666666667, 'FIX_DAMAGE_INFORMAL_SETTLEMENT': 0.566666666666667}",4378,453,2479,337,126,486,21,101
106,"{'RISK_PERCEPTION_THRESHOLD': 0.566666666666667, 'LOW_DAMAGE_THRESHOLD': 0.15, 'HIGH_DAMAGE_THRESHOLD': 0.36, 'TRUST_CHANGE': 0.113333333333333, 'FEAR_CHANGE': 0.113333333333333, 'AWARENESS_INCREASE': 0.24, 'AWARENESS_DECREASE': 0.0866666666666667, 'FIX_DAMAGE_NEIGHBOURS': 0.0433333333333333, 'FIX_DAMAGE_CONCRETE': 0.26, 'FIX_DAMAGE_MUDBRICK': 0.346666666666667, 'FIX_DAMAGE_INFORMAL_SETTLEMENT': 0.566666666666667}",4594,559,2872,334,125,427,84,182
107,"{'RISK_PERCEPTION_THRESHOLD': 0.566666666666667, 'LOW_DAMAGE_THRESHOLD': 0.15, 'HIGH_DAMAGE_THRESHOLD': 0.36, 'TRUST_CHANGE': 0.113333333333333, 'FEAR_CHANGE': 0.113333333333333, 'AWARENESS_INCREASE': 0.24, 'AWARENESS_DECREASE': 0.0866666666666667, 'FIX_DAMAGE_NEIGHBOURS': 0.07, 'FIX_DAMAGE_CONCRETE': 0.26, 'FIX_DAMAGE_MUDBRICK': 0.346666666666667, 'FIX_DAMAGE_INFORMAL_SETTLEMENT': 0.566666666666667}",4808,798,2920,335,125,463,47,79
108,"{'RISK_PERCEPTION_THRESHOLD': 0.3, 'LOW_DAMAGE_THRESHOLD': 0.216666666666667, 'HIGH_DAMAGE_THRESHOLD': 0.84, 'TRUST_CHANGE': 0.0866666666666667, 'FEAR_CHANGE': 0.14, 'AWARENESS_INCREASE': 0.346666666666667, 'AWARENESS_DECREASE': 0.14, 'FIX_DAMAGE_NEIGHBOURS': 0.03, 'FIX_DAMAGE_CONCRETE': 0.34, 'FIX_DAMAGE_MUDBRICK': 0.453333333333333, 'FIX_DAMAGE_INFORMAL_SETTLEMENT': 0.433333333333333}",5148,1664,2730,591,215,96,68,300
109,"{'RISK_PERCEPTION_THRESHOLD': 0.3, 'LOW_DAMAGE_THRESHOLD': 0.216666666666667, 'HIGH_DAMAGE_THRESHOLD': 0.84, 'TRUST_CHANGE': 0.14, 'FEAR_CHANGE': 0.14, 'AWARENESS_INCREASE': 0.346666666666667, 'AWARENESS_DECREASE': 0.14, 'FIX_DAMAGE_NEIGHBOURS': 0.03, 'FIX_DAMAGE_CONCRETE': 0.34, 'FIX_DAMAGE_MUDBRICK': 0.453333333333333, 'FIX_DAMAGE_INFORMAL_SETTLEMENT': 0.433333333333333}",4842,1287,2983,606,202,96,66,283
110,"{'RISK_PERCEPTION_THRESHOLD': 0.3, 'LOW_DAMAGE_THRESHOLD': 0.216666666666667, 'HIGH_DAMAGE_THRESHOLD': 0.84, 'TRUST_CHANGE': 0.14, 'FEAR_CHANGE': 0.14, 'AWARENESS_INCREASE': 0.346666666666667, 'AWARENESS_DECREASE': 0.14, 'FIX_DAMAGE_NEIGHBOURS': 0.0566666666666667, 'FIX_DAMAGE_CONCRETE': 0.34, 'FIX_DAMAGE_MUDBRICK': 0.453333333333333, 'FIX_DAMAGE_INFORMAL_SETTLEMENT': 0.433333333333333}",4775,2178,2318,575,232,104,59,235
111,"{'RISK_PERCEPTION_THRESHOLD': 0.3, 'LOW_DAMAGE_THRESHOLD': 0.35, 'HIGH_DAMAGE_THRESHOLD': 0.84, 'TRUST_CHANGE': 0.14, 'FEAR_CHANGE': 0.14, 'AWARENESS_INCREASE': 0.346666666666667, 'AWARENESS_DECREASE': 0.14, 'FIX_DAMAGE_NEIGHBOURS': 0.0566666666666667, 'FIX_DAMAGE_CONCRETE': 0.34, 'FIX_DAMAGE_MUDBRICK': 0.453333333333333, 'FIX_DAMAGE_INFORMAL_SETTLEMENT': 0.433333333333333}",4114,1935,2166,586,225,150,9,7
112,"{'RISK_PERCEPTION_THRESHOLD': 0.3, 'LOW_DAMAGE_THRESHOLD': 0.35, 'HIGH_DAMAGE_THRESHOLD': 0.84, 'TRUST_CHANGE': 0.14, 'FEAR_CHANGE': 0.14, 'AWARENESS_INCREASE': 0.56, 'AWARENESS_DECREASE': 0.14, 'FIX_DAMAGE_NEIGHBOURS': 0.0566666666666667, 'FIX_DAMAGE_CONCRETE': 0.34, 'FIX_DAMAGE_MUDBRICK': 0.453333333333333, 'FIX_DAMAGE_INFORMAL_SETTLEMENT': 0.433333333333333}",4533,1956,2198,593,218,139,20,4
113,"{'RISK_PERCEPTION_THRESHOLD': 0.566666666666667, 'LOW_DAMAGE_THRESHOLD': 0.35, 'HIGH_DAMAGE_THRESHOLD': 0.84, 'TRUST_CHANGE': 0.14, 'FEAR_CHANGE': 0.14, 'AWARENESS_INCREASE': 0.56, 'AWARENESS_DECREASE': 0.14, 'FIX_DAMAGE_NEIGHBOURS': 0.0566666666666667, 'FIX_DAMAGE_CONCRETE': 0.34, 'FIX_DAMAGE_MUDBRICK': 0.453333333333333, 'FIX_DAMAGE_INFORMAL_SETTLEMENT': 0.433333333333333}",3468,1084,1716,658,157,151,4,4
114,"{'RISK_PERCEPTION_THRESHOLD': 0.566666666666667, 'LOW_DAMAGE_THRESHOLD': 0.35, 'HIGH_DAMAGE_THRESHOLD': 0.84, 'TRUST_CHANGE': 0.14, 'FEAR_CHANGE': 0.14, 'AWARENESS_INCREASE': 0.56, 'AWARENESS_DECREASE': 0.0866666666666667, 'FIX_DAMAGE_NEIGHBOURS': 0.0566666666666667, 'FIX_DAMAGE_CONCRETE': 0.34, 'FIX_DAMAGE_MUDBRICK': 0.453333333333333, 'FIX_DAMAGE_INFORMAL_SETTLEMENT': 0.433333333333333}",3928,961,1879,672,143,152,3,3
115,"{'RISK_PERCEPTION_THRESHOLD': 0.566666666666667, 'LOW_DAMAGE_THRESHOLD': 0.35, 'HIGH_DAMAGE_THRESHOLD': 0.84, 'TRUST_CHANGE': 0.14, 'FEAR_CHANGE': 0.14, 'AWARENESS_INCREASE': 0.56, 'AWARENESS_DECREASE': 0.0866666666666667, 'FIX_DAMAGE_NEIGHBOURS': 0.0566666666666667, 'FIX_DAMAGE_CONCRETE': 0.34, 'FIX_DAMAGE_MUDBRICK': 0.453333333333333, 'FIX_DAMAGE_INFORMAL_SETTLEMENT': 0.7}",3968,1092,2056,650,168,152,0,3
116,"{'RISK_PERCEPTION_THRESHOLD': 0.566666666666667, 'LOW_DAMAGE_THRESHOLD': 0.35, 'HIGH_DAMAGE_THRESHOLD': 0.84, 'TRUST_CHANGE': 0.14, 'FEAR_CHANGE': 0.0866666666666667, 'AWARENESS_INCREASE': 0.56, 'AWARENESS_DECREASE': 0.0866666666666667, 'FIX_DAMAGE_NEIGHBOURS': 0.0566666666666667, 'FIX_DAMAGE_CONCRETE': 0.34, 'FIX_DAMAGE_MUDBRICK': 0.453333333333333, 'FIX_DAMAGE_INFORMAL_SETTLEMENT': 0.7}",3674,1127,1869,633,179,157,1,1
117,"{'RISK_PERCEPTION_THRESHOLD': 0.566666666666667, 'LOW_DAMAGE_THRESHOLD': 0.35, 'HIGH_DAMAGE_THRESHOLD': 0.84, 'TRUST_CHANGE': 0.14, 'FEAR_CHANGE': 0.0866666666666667, 'AWARENESS_INCREASE': 0.56, 'AWARENESS_DECREASE': 0.0866666666666667, 'FIX_DAMAGE_NEIGHBOURS': 0.0566666666666667, 'FIX_DAMAGE_CONCRETE': 0.34, 'FIX_DAMAGE_MUDBRICK': 0.24, 'FIX_DAMAGE_INFORMAL_SETTLEMENT': 0.7}",3547,1605,1760,610,207,149,4,18
118,"{'RISK_PERCEPTION_THRESHOLD': 0.566666666666667, 'LOW_DAMAGE_THRESHOLD': 0.35, 'HIGH_DAMAGE_THRESHOLD': 0.52, 'TRUST_CHANGE': 0.14, 'FEAR_CHANGE': 0.0866666666666667, 'AWARENESS_INCREASE': 0.56, 'AWARENESS_DECREASE': 0.0866666666666667, 'FIX_DAMAGE_NEIGHBOURS': 0.0566666666666667, 'FIX_DAMAGE_CONCRETE': 0.34, 'FIX_DAMAGE_MUDBRICK': 0.24, 'FIX_DAMAGE_INFORMAL_SETTLEMENT': 0.7}",4411,1089,1964,348,118,433,71,5
119,"{'RISK_PERCEPTION_THRESHOLD': 0.566666666666667, 'LOW_DAMAGE_THRESHOLD': 0.35, 'HIGH_DAMAGE_THRESHOLD': 0.52, 'TRUST_CHANGE': 0.14, 'FEAR_CHANGE': 0.0866666666666667, 'AWARENESS_INCREASE': 0.56, 'AWARENESS_DECREASE': 0.0866666666666667, 'FIX_DAMAGE_NEIGHBOURS': 0.0566666666666667, 'FIX_DAMAGE_CONCRETE': 0.18, 'FIX_DAMAGE_MUDBRICK': 0.24, 'FIX_DAMAGE_INFORMAL_SETTLEMENT': 0.7}",5037,1128,2932,350,120,366,134,78
