RunId,model_parameters,n_displacements,n_evacuations,n_trapped,displacement_time=0,displacement_time<=2,displacement_time<=5,displacement_time>5,displaced_at_last_step
0,"{'RISK_PERCEPTION_THRESHOLD': 0.433333333333333, 'LOW_DAMAGE_THRESHOLD': 0.15, 'HIGH_DAMAGE_THRESHOLD': 0.84, 'TRUST_CHANGE': 0.06, 'FEAR_CHANGE': 0.06, 'AWARENESS_INCREASE': 0.56, 'AWARENESS_DECREASE': 0.0866666666666667, 'FIX_DAMAGE_NEIGHBOURS': 0.03, 'FIX_DAMAGE_CONCRETE': 0.26, 'FIX_DAMAGE_MUDBRICK': 0.24, 'FIX_DAMAGE_INFORMAL_SETTLEMENT': 0.3}",5920,2029,3401,582,220,111,57,260
1,"{'RISK_PERCEPTION_THRESHOLD': 0.433333333333333, 'LOW_DAMAGE_THRESHOLD': 0.15, 'HIGH_DAMAGE_THRESHOLD': 0.84, 'TRUST_CHANGE': 0.06, 'FEAR_CHANGE': 0.06, 'AWARENESS_INCREASE': 0.56, 'AWARENESS_DECREASE': 0.14, 'FIX_DAMAGE_NEIGHBOURS': 0.03, 'FIX_DAMAGE_CONCRETE': 0.26, 'FIX_DAMAGE_MUDBRICK': 0.24, 'FIX_DAMAGE_INFORMAL_SETTLEMENT': 0.3}",5458,2218,2988,583,223,97,67,373
2,"{'RISK_PERCEPTION_THRESHOLD': 0.433333333333333, 'LOW_DAMAGE_THRESHOLD': 0.15, 'HIGH_DAMAGE_THRESHOLD': 0.84, 'TRUST_CHANGE': 0.06, 'FEAR_CHANGE': 0.06, 'AWARENESS_INCREASE': 0.56, 'AWARENESS_DECREASE': 0.14, 'FIX_DAMAGE_NEIGHBOURS': 0.03, 'FIX_DAMAGE_CONCRETE': 0.42, 'FIX_DAMAGE_MUDBRICK': 0.24, 'FIX_DAMAGE_INFORMAL_SETTLEMENT': 0.3}",5507,1227,3231,592,213,112,53,337
3,"{'RISK_PERCEPTION_THRESHOLD': 0.433333333333333, 'LOW_DAMAGE_THRESHOLD': 0.15, 'HIGH_DAMAGE_THRESHOLD': 0.84, 'TRUST_CHANGE': 0.06, 'FEAR_CHANGE': 0.06, 'AWARENESS_INCREASE': 0.56, 'AWARENESS_DECREASE': 0.14, 'FIX_DAMAGE_NEIGHBOURS': 0.03, 'FIX_DAMAGE_CONCRETE': 0.42, 'FIX_DAMAGE_MUDBRICK': 0.24, 'FIX_DAMAGE_INFORMAL_SETTLEMENT': 0.566666666666667}",5644,2170,3349,586,219,115,50,221
4,"{'RISK_PERCEPTION_THRESHOLD': 0.433333333333333, 'LOW_DAMAGE_THRESHOLD': 0.15, 'HIGH_DAMAGE_THRESHOLD': 0.52, 'TRUST_CHANGE': 0.06, 'FEAR_CHANGE': 0.06, 'AWARENESS_INCREASE': 0.56, 'AWARENESS_DECREASE': 0.14, 'FIX_DAMAGE_NEIGHBOURS': 0.03, 'FIX_DAMAGE_CONCRETE': 0.42, 'FIX_DAMAGE_MUDBRICK': 0.24, 'FIX_DAMAGE_INFORMAL_SETTLEMENT': 0.566666666666667}",5303,1694,3162,349,107,307,207,301
5,"{'RISK_PERCEPTION_THRESHOLD': 0.433333333333333, 'LOW_DAMAGE_THRESHOLD': 0.15, 'HIGH_DAMAGE_THRESHOLD': 0.52, 'TRUST_CHANGE': 0.06, 'FEAR_CHANGE': 0.06, 'AWARENESS_INCREASE': 0.56, 'AWARENESS_DECREASE': 0.14, 'FIX_DAMAGE_NEIGHBOURS': 0.03, 'FIX_DAMAGE_CONCRETE': 0.42, 'FIX_DAMAGE_MUDBRICK': 0.453333333333333, 'FIX_DAMAGE_INFORMAL_SETTLEMENT': 0.566666666666667}",5201,1701,3082,347,116,219,288,284
6,"{'RISK_PERCEPTION_THRESHOLD': 0.433333333333333, 'LOW_DAMAGE_THRESHOLD': 0.283333333333333, 'HIGH_DAMAGE_THRESHOLD': 0.52, 'TRUST_CHANGE': 0.06, 'FEAR_CHANGE': 0.06, 'AWARENESS_INCREASE': 0.56, 'AWARENESS_DECREASE': 0.14, 'FIX_DAMAGE_NEIGHBOURS': 0.03, 'FIX_DAMAGE_CONCRETE': 0.42, 'FIX_DAMAGE_MUDBRICK': 0.453333333333333, 'FIX_DAMAGE_INFORMAL_SETTLEMENT': 0.566666666666667}",4145,1327,2187,352,134,470,14,21
7,"{'RISK_PERCEPTION_THRESHOLD': 0.7, 'LOW_DAMAGE_THRESHOLD': 0.283333333333333, 'HIGH_DAMAGE_THRESHOLD': 0.52, 'TRUST_CHANGE': 0.06, 'FEAR_CHANGE': 0.06, 'AWARENESS_INCREASE': 0.56, 'AWARENESS_DECREASE': 0.14, 'FIX_DAMAGE_NEIGHBOURS': 0.03, 'FIX_DAMAGE_CONCRETE': 0.42, 'FIX_DAMAGE_MUDBRICK': 0.453333333333333, 'FIX_DAMAGE_INFORMAL_SETTLEMENT': 0.566666666666667}",4256,806,2191,346,137,475,12,16
8,"{'RISK_PERCEPTION_THRESHOLD': 0.7, 'LOW_DAMAGE_THRESHOLD': 0.283333333333333, 'HIGH_DAMAGE_THRESHOLD': 0.52, 'TRUST_CHANGE': 0.06, 'FEAR_CHANGE': 0.113333333333333, 'AWARENESS_INCREASE': 0.56, 'AWARENESS_DECREASE': 0.14, 'FIX_DAMAGE_NEIGHBOURS': 0.03, 'FIX_DAMAGE_CONCRETE': 0.42, 'FIX_DAMAGE_MUDBRICK': 0.453333333333333, 'FIX_DAMAGE_INFORMAL_SETTLEMENT': 0.566666666666667}",4308,388,2235,346,131,480,13,15
9,"{'RISK_PERCEPTION_THRESHOLD': 0.7, 'LOW_DAMAGE_THRESHOLD': 0.283333333333333, 'HIGH_DAMAGE_THRESHOLD': 0.52, 'TRUST_CHANGE': 0.06, 'FEAR_CHANGE': 0.113333333333333, 'AWARENESS_INCREASE': 0.346666666666667, 'AWARENESS_DECREASE': 0.14, 'FIX_DAMAGE_NEIGHBOURS': 0.03, 'FIX_DAMAGE_CONCRETE': 0.42, 'FIX_DAMAGE_MUDBRICK': 0.453333333333333, 'FIX_DAMAGE_INFORMAL_SETTLEMENT': 0.566666666666667}",4169,455,2080,355,126,475,14,18
10,"{'RISK_PERCEPTION_THRESHOLD': 0.7, 'LOW_DAMAGE_THRESHOLD': 0.283333333333333, 'HIGH_DAMAGE_THRESHOLD': 0.52, 'TRUST_CHANGE': 0.113333333333333, 'FEAR_CHANGE': 0.113333333333333, 'AWARENESS_INCREASE': 0.346666666666667, 'AWARENESS_DECREASE': 0.14, 'FIX_DAMAGE_NEIGHBOURS': 0.03, 'FIX_DAMAGE_CONCRETE': 0.42, 'FIX_DAMAGE_MUDBRICK': 0.453333333333333, 'FIX_DAMAGE_INFORMAL_SETTLEMENT': 0.566666666666667}",4233,308,2200,352,133,471,14,17
11,"{'RISK_PERCEPTION_THRESHOLD': 0.7, 'LOW_DAMAGE_THRESHOLD': 0.283333333333333, 'HIGH_DAMAGE_THRESHOLD': 0.52, 'TRUST_CHANGE': 0.113333333333333, 'FEAR_CHANGE': 0.113333333333333, 'AWARENESS_INCREASE': 0.346666666666667, 'AWARENESS_DECREASE': 0.14, 'FIX_DAMAGE_NEIGHBOURS': 0.0566666666666667, 'FIX_DAMAGE_CONCRETE': 0.42, 'FIX_DAMAGE_MUDBRICK': 0.453333333333333, 'FIX_DAMAGE_INFORMAL_SETTLEMENT': 0.566666666666667}",4260,213,2153,349,131,488,2,6
12,"{'RISK_PERCEPTION_THRESHOLD': 0.3, 'LOW_DAMAGE_THRESHOLD': 0.15, 'HIGH_DAMAGE_THRESHOLD': 0.84, 'TRUST_CHANGE': 0.14, 'FEAR_CHANGE': 0.0866666666666667, 'AWARENESS_INCREASE': 0.453333333333333, 'AWARENESS_DECREASE': 0.06, 'FIX_DAMAGE_NEIGHBOURS': 0.07, 'FIX_DAMAGE_CONCRETE': 0.34, 'FIX_DAMAGE_MUDBRICK': 0.56, 'FIX_DAMAGE_INFORMAL_SETTLEMENT': 0.566666666666667}",5653,2385,3264,582,227,151,10,205
13,"{'RISK_PERCEPTION_THRESHOLD': 0.3, 'LOW_DAMAGE_THRESHOLD': 0.15, 'HIGH_DAMAGE_THRESHOLD': 0.84, 'TRUST_CHANGE': 0.14, 'FEAR_CHANGE': 0.0866666666666667, 'AWARENESS_INCREASE': 0.24, 'AWARENESS_DECREASE': 0.06, 'FIX_DAMAGE_NEIGHBOURS': 0.07, 'FIX_DAMAGE_CONCRETE': 0.34, 'FIX_DAMAGE_MUDBRICK': 0.56, 'FIX_DAMAGE_INFORMAL_SETTLEMENT': 0.566666666666667}",5654,1315,3327,585,222,111,52,243
14,"{'RISK_PERCEPTION_THRESHOLD': 0.3, 'LOW_DAMAGE_THRESHOLD': 0.15, 'HIGH_DAMAGE_THRESHOLD': 0.84, 'TRUST_CHANGE': 0.14, 'FEAR_CHANGE': 0.0866666666666667, 'AWARENESS_INCREASE': 0.24, 'AWARENESS_DECREASE': 0.06, 'FIX_DAMAGE_NEIGHBOURS': 0.07, 'FIX_DAMAGE_CONCRETE': 0.18, 'FIX_DAMAGE_MUDBRICK': 0.56, 'FIX_DAMAGE_INFORMAL_SETTLEMENT': 0.566666666666667}",5723,2508,3590,577,229,95,69,257
15,"{'RISK_PERCEPTION_THRESHOLD': 0.3, 'LOW_DAMAGE_THRESHOLD': 0.15, 'HIGH_DAMAGE_THRESHOLD': 0.84, 'TRUST_CHANGE': 0.0866666666666667, 'FEAR_CHANGE': 0.0866666666666667, 'AWARENESS_INCREASE': 0.24, 'AWARENESS_DECREASE': 0.06, 'FIX_DAMAGE_NEIGHBOURS': 0.07, 'FIX_DAMAGE_CONCRETE': 0.18, 'FIX_DAMAGE_MUDBRICK': 0.56, 'FIX_DAMAGE_INFORMAL_SETTLEMENT': 0.566666666666667}",5576,1471,3670,642,166,97,65,266
16,"{'RISK_PERCEPTION_THRESHOLD': 0.3, 'LOW_DAMAGE_THRESHOLD': 0.15, 'HIGH_DAMAGE_THRESHOLD': 0.84, 'TRUST_CHANGE': 0.0866666666666667, 'FEAR_CHANGE': 0.0866666666666667, 'AWARENESS_INCREASE': 0.24, 'AWARENESS_DECREASE': 0.06, 'FIX_DAMAGE_NEIGHBOURS': 0.07, 'FIX_DAMAGE_CONCRETE': 0.18, 'FIX_DAMAGE_MUDBRICK': 0.56, 'FIX_DAMAGE_INFORMAL_SETTLEMENT': 0.3}",5548,1762,3693,585,222,97,66,465
17,"{'RISK_PERCEPTION_THRESHOLD': 0.3, 'LOW_DAMAGE_THRESHOLD': 0.15, 'HIGH_DAMAGE_THRESHOLD': 0.84, 'TRUST_CHANGE': 0.0866666666666667, 'FEAR_CHANGE': 0.0866666666666667, 'AWARENESS_INCREASE': 0.24, 'AWARENESS_DECREASE': 0.113333333333333, 'FIX_DAMAGE_NEIGHBOURS': 0.07, 'FIX_DAMAGE_CONCRETE': 0.18, 'FIX_DAMAGE_MUDBRICK': 0.56, 'FIX_DAMAGE_INFORMAL_SETTLEMENT': 0.3}",5308,1863,3210,598,203,105,64,318
18,"{'RISK_PERCEPTION_THRESHOLD': 0.3, 'LOW_DAMAGE_THRESHOLD': 0.15, 'HIGH_DAMAGE_THRESHOLD': 0.84, 'TRUST_CHANGE': 0.0866666666666667, 'FEAR_CHANGE': 0.14, 'AWARENESS_INCREASE': 0.24, 'AWARENESS_DECREASE': 0.113333333333333, 'FIX_DAMAGE_NEIGHBOURS': 0.07, 'FIX_DAMAGE_CONCRETE': 0.18, 'FIX_DAMAGE_MUDBRICK': 0.56, 'FIX_DAMAGE_INFORMAL_SETTLEMENT': 0.3}",4819,1183,3115,646,163,99,62,265
19,"{'RISK_PERCEPTION_THRESHOLD': 0.566666666666667, 'LOW_DAMAGE_THRESHOLD': 0.15, 'HIGH_DAMAGE_THRESHOLD': 0.84, 'TRUST_CHANGE': 0.0866666666666667, 'FEAR_CHANGE': 0.14, 'AWARENESS_INCREASE': 0.24, 'AWARENESS_DECREASE': 0.113333333333333, 'FIX_DAMAGE_NEIGHBOURS': 0.07, 'FIX_DAMAGE_CONCRETE': 0.18, 'FIX_DAMAGE_MUDBRICK': 0.56, 'FIX_DAMAGE_INFORMAL_SETTLEMENT': 0.3}",3650,1131,2114,643,169,121,37,208
20,"{'RISK_PERCEPTION_THRESHOLD': 0.566666666666667, 'LOW_DAMAGE_THRESHOLD': 0.283333333333333, 'HIGH_DAMAGE_THRESHOLD': 0.84, 'TRUST_CHANGE': 0.0866666666666667, 'FEAR_CHANGE': 0.14, 'AWARENESS_INCREASE': 0.24, 'AWARENESS_DECREASE': 0.113333333333333, 'FIX_DAMAGE_NEIGHBOURS': 0.07, 'FIX_DAMAGE_CONCRETE': 0.18, 'FIX_DAMAGE_MUDBRICK': 0.56, 'FIX_DAMAGE_INFORMAL_SETTLEMENT': 0.3}",4246,880,1850,673,142,153,2,96
21,"{'RISK_PERCEPTION_THRESHOLD': 0.566666666666667, 'LOW_DAMAGE_THRESHOLD': 0.283333333333333, 'HIGH_DAMAGE_THRESHOLD': 0.84, 'TRUST_CHANGE': 0.0866666666666667, 'FEAR_CHANGE': 0.14, 'AWARENESS_INCREASE': 0.24, 'AWARENESS_DECREASE': 0.113333333333333, 'FIX_DAMAGE_NEIGHBOURS': 0.0433333333333333, 'FIX_DAMAGE_CONCRETE': 0.18, 'FIX_DAMAGE_MUDBRICK': 0.56, 'FIX_DAMAGE_INFORMAL_SETTLEMENT': 0.3}",3702,527,1912,709,104,133,24,116
22,"{'RISK_PERCEPTION_THRESHOLD': 0.566666666666667, 'LOW_DAMAGE_THRESHOLD': 0.283333333333333, 'HIGH_DAMAGE_THRESHOLD': 0.52, 'TRUST_CHANGE': 0.0866666666666667, 'FEAR_CHANGE': 0.14, 'AWARENESS_INCREASE': 0.24, 'AWARENESS_DECREASE': 0.113333333333333, 'FIX_DAMAGE_NEIGHBOURS': 0.0433333333333333, 'FIX_DAMAGE_CONCRETE': 0.18, 'FIX_DAMAGE_MUDBRICK': 0.56, 'FIX_DAMAGE_INFORMAL_SETTLEMENT': 0.3}",4588,595,2820,377,114,469,10,81
23,"{'RISK_PERCEPTION_THRESHOLD': 0.566666666666667, 'LOW_DAMAGE_THRESHOLD': 0.283333333333333, 'HIGH_DAMAGE_THRESHOLD': 0.52, 'TRUST_CHANGE': 0.0866666666666667, 'FEAR_CHANGE': 0.14, 'AWARENESS_INCREASE': 0.24, 'AWARENESS_DECREASE': 0.113333333333333, 'FIX_DAMAGE_NEIGHBOURS': 0.0433333333333333, 'FIX_DAMAGE_CONCRETE': 0.18, 'FIX_DAMAGE_MUDBRICK': 0.346666666666667, 'FIX_DAMAGE_INFORMAL_SETTLEMENT': 0.3}",4733,681,2571,336,139,477,18,146
24,"{'RISK_PERCEPTION_THRESHOLD': 0.566666666666667, 'LOW_DAMAGE_THRESHOLD': 0.35, 'HIGH_DAMAGE_THRESHOLD': 0.68, 'TRUST_CHANGE': 0.14, 'FEAR_CHANGE': 0.113333333333333, 'AWARENESS_INCREASE': 0.453333333333333, 'AWARENESS_DECREASE': 0.14, 'FIX_DAMAGE_NEIGHBOURS': 0.03, 'FIX_DAMAGE_CONCRETE': 0.18, 'FIX_DAMAGE_MUDBRICK': 0.56, 'FIX_DAMAGE_INFORMAL_SETTLEMENT': 0.7}",4100,534,2417,641,168,94,67,146
25,"{'RISK_PERCEPTION_THRESHOLD': 0.566666666666667, 'LOW_DAMAGE_THRESHOLD': 0.35, 'HIGH_DAMAGE_THRESHOLD': 0.68, 'TRUST_CHANGE': 0.0866666666666667, 'FEAR_CHANGE': 0.113333333333333, 'AWARENESS_INCREASE': 0.453333333333333, 'AWARENESS_DECREASE': 0.14, 'FIX_DAMAGE_NEIGHBOURS': 0.03, 'FIX_DAMAGE_CONCRETE': 0.18, 'FIX_DAMAGE_MUDBRICK': 0.56, 'FIX_DAMAGE_INFORMAL_SETTLEMENT': 0.7}",4517,1215,2065,619,189,100,62,91
26,"{'RISK_PERCEPTION_THRESHOLD': 0.566666666666667, 'LOW_DAMAGE_THRESHOLD': 0.35, 'HIGH_DAMAGE_THRESHOLD': 0.36, 'TRUST_CHANGE': 0.0866666666666667, 'FEAR_CHANGE': 0.113333333333333, 'AWARENESS_INCREASE': 0.453333333333333, 'AWARENESS_DECREASE': 0.14, 'FIX_DAMAGE_NEIGHBOURS': 0.03, 'FIX_DAMAGE_CONCRETE': 0.18, 'FIX_DAMAGE_MUDBRICK': 0.56, 'FIX_DAMAGE_INFORMAL_SETTLEMENT': 0.7}",4509,434,2965,14,250,178,528,250
27,"{'RISK_PERCEPTION_THRESHOLD': 0.3, 'LOW_DAMAGE_THRESHOLD': 0.35, 'HIGH_DAMAGE_THRESHOLD': 0.36, 'TRUST_CHANGE': 0.0866666666666667, 'FEAR_CHANGE': 0.113333333333333, 'AWARENESS_INCREASE': 0.453333333333333, 'AWARENESS_DECREASE': 0.14, 'FIX_DAMAGE_NEIGHBOURS': 0.03, 'FIX_DAMAGE_CONCRETE': 0.18, 'FIX_DAMAGE_MUDBRICK': 0.56, 'FIX_DAMAGE_INFORMAL_SETTLEMENT': 0.7}",4797,870,2610,16,202,206,546,289
28,"{'RISK_PERCEPTION_THRESHOLD': 0.3, 'LOW_DAMAGE_THRESHOLD': 0.216666666666667, 'HIGH_DAMAGE_THRESHOLD': 0.36, 'TRUST_CHANGE': 0.0866666666666667, 'FEAR_CHANGE': 0.113333333333333, 'AWARENESS_INCREASE': 0.453333333333333, 'AWARENESS_DECREASE': 0.14, 'FIX_DAMAGE_NEIGHBOURS': 0.03, 'FIX_DAMAGE_CONCRETE': 0.18, 'FIX_DAMAGE_MUDBRICK': 0.56, 'FIX_DAMAGE_INFORMAL_SETTLEMENT': 0.7}",4703,827,2763,14,229,183,544,476
29,"{'RISK_PERCEPTION_THRESHOLD': 0.3, 'LOW_DAMAGE_THRESHOLD': 0.216666666666667, 'HIGH_DAMAGE_THRESHOLD': 0.36, 'TRUST_CHANGE': 0.0866666666666667, 'FEAR_CHANGE': 0.113333333333333, 'AWARENESS_INCREASE': 0.453333333333333, 'AWARENESS_DECREASE': 0.14, 'FIX_DAMAGE_NEIGHBOURS': 0.03, 'FIX_DAMAGE_CONCRETE': 0.18, 'FIX_DAMAGE_MUDBRICK': 0.346666666666667, 'FIX_DAMAGE_INFORMAL_SETTLEMENT': 0.7}",4499,552,2976,13,235,170,552,541
30,"{'RISK_PERCEPTION_THRESHOLD': 0.3, 'LOW_DAMAGE_THRESHOLD': 0.216666666666667, 'HIGH_DAMAGE_THRESHOLD': 0.36, 'TRUST_CHANGE': 0.0866666666666667, 'FEAR_CHANGE': 0.06, 'AWARENESS_INCREASE': 0.453333333333333, 'AWARENESS_DECREASE': 0.14, 'FIX_DAMAGE_NEIGHBOURS': 0.03, 'FIX_DAMAGE_CONCRETE': 0.18, 'FIX_DAMAGE_MUDBRICK': 0.346666666666667, 'FIX_DAMAGE_INFORMAL_SETTLEMENT': 0.7}",4430,685,2977,15,231,177,547,509
31,"{'RISK_PERCEPTION_THRESHOLD': 0.3, 'LOW_DAMAGE_THRESHOLD': 0.216666666666667, 'HIGH_DAMAGE_THRESHOLD': 0.36, 'TRUST_CHANGE': 0.0866666666666667, 'FEAR_CHANGE': 0.06, 'AWARENESS_INCREASE': 0.453333333333333, 'AWARENESS_DECREASE': 0.14, 'FIX_DAMAGE_NEIGHBOURS': 0.03, 'FIX_DAMAGE_CONCRETE': 0.18, 'FIX_DAMAGE_MUDBRICK': 0.346666666666667, 'FIX_DAMAGE_INFORMAL_SETTLEMENT': 0.433333333333333}",4586,955,2799,3,220,162,585,579
32,"{'RISK_PERCEPTION_THRESHOLD': 0.3, 'LOW_DAMAGE_THRESHOLD': 0.216666666666667, 'HIGH_DAMAGE_THRESHOLD': 0.36, 'TRUST_CHANGE': 0.0866666666666667, 'FEAR_CHANGE': 0.06, 'AWARENESS_INCREASE': 0.24, 'AWARENESS_DECREASE': 0.14, 'FIX_DAMAGE_NEIGHBOURS': 0.03, 'FIX_DAMAGE_CONCRETE': 0.18, 'FIX_DAMAGE_MUDBRICK': 0.346666666666667, 'FIX_DAMAGE_INFORMAL_SETTLEMENT': 0.433333333333333}",4540,850,2866,2,236,147,585,608
33,"{'RISK_PERCEPTION_THRESHOLD': 0.3, 'LOW_DAMAGE_THRESHOLD': 0.216666666666667, 'HIGH_DAMAGE_THRESHOLD': 0.36, 'TRUST_CHANGE': 0.0866666666666667, 'FEAR_CHANGE': 0.06, 'AWARENESS_INCREASE': 0.24, 'AWARENESS_DECREASE': 0.0866666666666667, 'FIX_DAMAGE_NEIGHBOURS': 0.03, 'FIX_DAMAGE_CONCRETE': 0.18, 'FIX_DAMAGE_MUDBRICK': 0.346666666666667, 'FIX_DAMAGE_INFORMAL_SETTLEMENT': 0.433333333333333}",4554,1157,2713,4,235,149,582,503
34,"{'RISK_PERCEPTION_THRESHOLD': 0.3, 'LOW_DAMAGE_THRESHOLD': 0.216666666666667, 'HIGH_DAMAGE_THRESHOLD': 0.36, 'TRUST_CHANGE': 0.0866666666666667, 'FEAR_CHANGE': 0.06, 'AWARENESS_INCREASE': 0.24, 'AWARENESS_DECREASE': 0.0866666666666667, 'FIX_DAMAGE_NEIGHBOURS': 0.03, 'FIX_DAMAGE_CONCRETE': 0.34, 'FIX_DAMAGE_MUDBRICK': 0.346666666666667, 'FIX_DAMAGE_INFORMAL_SETTLEMENT': 0.433333333333333}",5230,1379,3263,342,105,169,354,335
35,"{'RISK_PERCEPTION_THRESHOLD': 0.3, 'LOW_DAMAGE_THRESHOLD': 0.216666666666667, 'HIGH_DAMAGE_THRESHOLD': 0.36, 'TRUST_CHANGE': 0.0866666666666667, 'FEAR_CHANGE': 0.06, 'AWARENESS_INCREASE': 0.24, 'AWARENESS_DECREASE': 0.0866666666666667, 'FIX_DAMAGE_NEIGHBOURS': 0.0566666666666667, 'FIX_DAMAGE_CONCRETE': 0.34, 'FIX_DAMAGE_MUDBRICK': 0.346666666666667, 'FIX_DAMAGE_INFORMAL_SETTLEMENT': 0.433333333333333}",5254,1680,2873,335,119,152,364,206
36,"{'RISK_PERCEPTION_THRESHOLD': 0.433333333333333, 'LOW_DAMAGE_THRESHOLD': 0.35, 'HIGH_DAMAGE_THRESHOLD': 0.36, 'TRUST_CHANGE': 0.06, 'FEAR_CHANGE': 0.0866666666666667, 'AWARENESS_INCREASE': 0.24, 'AWARENESS_DECREASE': 0.06, 'FIX_DAMAGE_NEIGHBOURS': 0.0433333333333333, 'FIX_DAMAGE_CONCRETE': 0.34, 'FIX_DAMAGE_MUDBRICK': 0.453333333333333, 'FIX_DAMAGE_INFORMAL_SETTLEMENT': 0.566666666666667}",4136,1519,2005,336,127,261,246,9
37,"{'RISK_PERCEPTION_THRESHOLD': 0.7, 'LOW_DAMAGE_THRESHOLD': 0.35, 'HIGH_DAMAGE_THRESHOLD': 0.36, 'TRUST_CHANGE': 0.06, 'FEAR_CHANGE': 0.0866666666666667, 'AWARENESS_INCREASE': 0.24, 'AWARENESS_DECREASE': 0.06, 'FIX_DAMAGE_NEIGHBOURS': 0.0433333333333333, 'FIX_DAMAGE_CONCRETE': 0.34, 'FIX_DAMAGE_MUDBRICK': 0.453333333333333, 'FIX_DAMAGE_INFORMAL_SETTLEMENT': 0.566666666666667}",4300,530,1980,334,135,479,22,11
38,"{'RISK_PERCEPTION_THRESHOLD': 0.7, 'LOW_DAMAGE_THRESHOLD': 0.35, 'HIGH_DAMAGE_THRESHOLD': 0.36, 'TRUST_CHANGE': 0.06, 'FEAR_CHANGE': 0.0866666666666667, 'AWARENESS_INCREASE': 0.24, 'AWARENESS_DECREASE': 0.06, 'FIX_DAMAGE_NEIGHBOURS': 0.0433333333333333, 'FIX_DAMAGE_CONCRETE': 0.18, 'FIX_DAMAGE_MUDBRICK': 0.453333333333333, 'FIX_DAMAGE_INFORMAL_SETTLEMENT': 0.566666666666667}",4625,390,2704,3,236,155,576,258
39,"{'RISK_PERCEPTION_THRESHOLD': 0.7, 'LOW_DAMAGE_THRESHOLD': 0.35, 'HIGH_DAMAGE_THRESHOLD': 0.36, 'TRUST_CHANGE': 0.06, 'FEAR_CHANGE': 0.0866666666666667, 'AWARENESS_INCREASE': 0.24, 'AWARENESS_DECREASE': 0.06, 'FIX_DAMAGE_NEIGHBOURS': 0.0433333333333333, 'FIX_DAMAGE_CONCRETE': 0.18, 'FIX_DAMAGE_MUDBRICK': 0.453333333333333, 'FIX_DAMAGE_INFORMAL_SETTLEMENT': 0.3}",4590,495,2693,1,236,153,580,309
40,"{'RISK_PERCEPTION_THRESHOLD': 0.7, 'LOW_DAMAGE_THRESHOLD': 0.35, 'HIGH_DAMAGE_THRESHOLD': 0.36, 'TRUST_CHANGE': 0.06, 'FEAR_CHANGE': 0.0866666666666667, 'AWARENESS_INCREASE': 0.24, 'AWARENESS_DECREASE': 0.06, 'FIX_DAMAGE_NEIGHBOURS': 0.0433333333333333, 'FIX_DAMAGE_CONCRETE': 0.18, 'FIX_DAMAGE_MUDBRICK': 0.24, 'FIX_DAMAGE_INFORMAL_SETTLEMENT': 0.3}",4432,375,2581,0,201,142,627,388
41,"{'RISK_PERCEPTION_THRESHOLD': 0.7, 'LOW_DAMAGE_THRESHOLD': 0.35, 'HIGH_DAMAGE_THRESHOLD': 0.36, 'TRUST_CHANGE': 0.06, 'FEAR_CHANGE': 0.14, 'AWARENESS_INCREASE': 0.24, 'AWARENESS_DECREASE': 0.06, 'FIX_DAMAGE_NEIGHBOURS': 0.0433333333333333, 'FIX_DAMAGE_CONCRETE': 0.18, 'FIX_DAMAGE_MUDBRICK': 0.24, 'FIX_DAMAGE_INFORMAL_SETTLEMENT': 0.3}",4420,305,2501,1,201,136,632,336
42,"{'RISK_PERCEPTION_THRESHOLD': 0.7, 'LOW_DAMAGE_THRESHOLD': 0.35, 'HIGH_DAMAGE_THRESHOLD': 0.36, 'TRUST_CHANGE': 0.06, 'FEAR_CHANGE': 0.14, 'AWARENESS_INCREASE': 0.453333333333333, 'AWARENESS_DECREASE': 0.06, 'FIX_DAMAGE_NEIGHBOURS': 0.0433333333333333, 'FIX_DAMAGE_CONCRETE': 0.18, 'FIX_DAMAGE_MUDBRICK': 0.24, 'FIX_DAMAGE_INFORMAL_SETTLEMENT': 0.3}",4424,222,2705,2,209,132,627,368
43,"{'RISK_PERCEPTION_THRESHOLD': 0.7, 'LOW_DAMAGE_THRESHOLD': 0.216666666666667, 'HIGH_DAMAGE_THRESHOLD': 0.36, 'TRUST_CHANGE': 0.06, 'FEAR_CHANGE': 0.14, 'AWARENESS_INCREASE': 0.453333333333333, 'AWARENESS_DECREASE': 0.06, 'FIX_DAMAGE_NEIGHBOURS': 0.0433333333333333, 'FIX_DAMAGE_CONCRETE': 0.18, 'FIX_DAMAGE_MUDBRICK': 0.24, 'FIX_DAMAGE_INFORMAL_SETTLEMENT': 0.3}",4257,296,2558,0,197,135,638,570
44,"{'RISK_PERCEPTION_THRESHOLD': 0.7, 'LOW_DAMAGE_THRESHOLD': 0.216666666666667, 'HIGH_DAMAGE_THRESHOLD': 0.36, 'TRUST_CHANGE': 0.06, 'FEAR_CHANGE': 0.14, 'AWARENESS_INCREASE': 0.453333333333333, 'AWARENESS_DECREASE': 0.113333333333333, 'FIX_DAMAGE_NEIGHBOURS': 0.0433333333333333, 'FIX_DAMAGE_CONCRETE': 0.18, 'FIX_DAMAGE_MUDBRICK': 0.24, 'FIX_DAMAGE_INFORMAL_SETTLEMENT': 0.3}",4176,302,2516,1,206,126,637,573
45,"{'RISK_PERCEPTION_THRESHOLD': 0.7, 'LOW_DAMAGE_THRESHOLD': 0.216666666666667, 'HIGH_DAMAGE_THRESHOLD': 0.36, 'TRUST_CHANGE': 0.06, 'FEAR_CHANGE': 0.14, 'AWARENESS_INCREASE': 0.453333333333333, 'AWARENESS_DECREASE': 0.113333333333333, 'FIX_DAMAGE_NEIGHBOURS': 0.07, 'FIX_DAMAGE_CONCRETE': 0.18, 'FIX_DAMAGE_MUDBRICK': 0.24, 'FIX_DAMAGE_INFORMAL_SETTLEMENT': 0.3}",4301,316,2587,4,187,142,637,577
46,"{'RISK_PERCEPTION_THRESHOLD': 0.7, 'LOW_DAMAGE_THRESHOLD': 0.216666666666667, 'HIGH_DAMAGE_THRESHOLD': 0.36, 'TRUST_CHANGE': 0.113333333333333, 'FEAR_CHANGE': 0.14, 'AWARENESS_INCREASE': 0.453333333333333, 'AWARENESS_DECREASE': 0.113333333333333, 'FIX_DAMAGE_NEIGHBOURS': 0.07, 'FIX_DAMAGE_CONCRETE': 0.18, 'FIX_DAMAGE_MUDBRICK': 0.24, 'FIX_DAMAGE_INFORMAL_SETTLEMENT': 0.3}",4173,229,2750,2,220,110,638,572
47,"{'RISK_PERCEPTION_THRESHOLD': 0.7, 'LOW_DAMAGE_THRESHOLD': 0.216666666666667, 'HIGH_DAMAGE_THRESHOLD': 0.68, 'TRUST_CHANGE': 0.113333333333333, 'FEAR_CHANGE': 0.14, 'AWARENESS_INCREASE': 0.453333333333333, 'AWARENESS_DECREASE': 0.113333333333333, 'FIX_DAMAGE_NEIGHBOURS': 0.07, 'FIX_DAMAGE_CONCRETE': 0.18, 'FIX_DAMAGE_MUDBRICK': 0.24, 'FIX_DAMAGE_INFORMAL_SETTLEMENT': 0.3}",3760,453,2036,666,95,19,190,276
48,"{'RISK_PERCEPTION_THRESHOLD': 0.3, 'LOW_DAMAGE_THRESHOLD': 0.35, 'HIGH_DAMAGE_THRESHOLD': 0.84, 'TRUST_CHANGE': 0.14, 'FEAR_CHANGE': 0.06, 'AWARENESS_INCREASE': 0.453333333333333, 'AWARENESS_DECREASE': 0.113333333333333, 'FIX_DAMAGE_NEIGHBOURS': 0.0433333333333333, 'FIX_DAMAGE_CONCRETE': 0.26, 'FIX_DAMAGE_MUDBRICK': 0.453333333333333, 'FIX_DAMAGE_INFORMAL_SETTLEMENT': 0.7}",4494,2300,2361,581,223,129,37,13
49,"{'RISK_PERCEPTION_THRESHOLD': 0.3, 'LOW_DAMAGE_THRESHOLD': 0.35, 'HIGH_DAMAGE_THRESHOLD': 0.84, 'TRUST_CHANGE': 0.14, 'FEAR_CHANGE': 0.06, 'AWARENESS_INCREASE': 0.453333333333333, 'AWARENESS_DECREASE': 0.113333333333333, 'FIX_DAMAGE_NEIGHBOURS': 0.0433333333333333, 'FIX_DAMAGE_CONCRETE': 0.42, 'FIX_DAMAGE_MUDBRICK': 0.453333333333333, 'FIX_DAMAGE_INFORMAL_SETTLEMENT': 0.7}",4379,1790,2311,627,180,163,0,6
50,"{'RISK_PERCEPTION_THRESHOLD': 0.3, 'LOW_DAMAGE_THRESHOLD': 0.35, 'HIGH_DAMAGE_THRESHOLD': 0.84, 'TRUST_CHANGE': 0.14, 'FEAR_CHANGE': 0.06, 'AWARENESS_INCREASE': 0.24, 'AWARENESS_DECREASE': 0.113333333333333, 'FIX_DAMAGE_NEIGHBOURS': 0.0433333333333333, 'FIX_DAMAGE_CONCRETE': 0.42, 'FIX_DAMAGE_MUDBRICK': 0.453333333333333, 'FIX_DAMAGE_INFORMAL_SETTLEMENT': 0.7}",4341,2190,1922,584,224,148,14,5
51,"{'RISK_PERCEPTION_THRESHOLD': 0.3, 'LOW_DAMAGE_THRESHOLD': 0.35, 'HIGH_DAMAGE_THRESHOLD': 0.84, 'TRUST_CHANGE': 0.14, 'FEAR_CHANGE': 0.113333333333333, 'AWARENESS_INCREASE': 0.24, 'AWARENESS_DECREASE': 0.113333333333333, 'FIX_DAMAGE_NEIGHBOURS': 0.0433333333333333, 'FIX_DAMAGE_CONCRETE': 0.42, 'FIX_DAMAGE_MUDBRICK': 0.453333333333333, 'FIX_DAMAGE_INFORMAL_SETTLEMENT': 0.7}",3736,1538,2268,613,200,151,6,5
52,"{'RISK_PERCEPTION_THRESHOLD': 0.3, 'LOW_DAMAGE_THRESHOLD': 0.35, 'HIGH_DAMAGE_THRESHOLD': 0.52, 'TRUST_CHANGE': 0.14, 'FEAR_CHANGE': 0.113333333333333, 'AWARENESS_INCREASE': 0.24, 'AWARENESS_DECREASE': 0.113333333333333, 'FIX_DAMAGE_NEIGHBOURS': 0.0433333333333333, 'FIX_DAMAGE_CONCRETE': 0.42, 'FIX_DAMAGE_MUDBRICK': 0.453333333333333, 'FIX_DAMAGE_INFORMAL_SETTLEMENT': 0.7}",4050,1248,2131,351,125,489,5,7
53,"{'RISK_PERCEPTION_THRESHOLD': 0.3, 'LOW_DAMAGE_THRESHOLD': 0.35, 'HIGH_DAMAGE_THRESHOLD': 0.52, 'TRUST_CHANGE': 0.14, 'FEAR_CHANGE': 0.113333333333333, 'AWARENESS_INCREASE': 0.24, 'AWARENESS_DECREASE': 0.113333333333333, 'FIX_DAMAGE_NEIGHBOURS': 0.07, 'FIX_DAMAGE_CONCRETE': 0.42, 'FIX_DAMAGE_MUDBRICK': 0.453333333333333, 'FIX_DAMAGE_INFORMAL_SETTLEMENT': 0.7}",4326,805,2358,347,127,454,42,4
54,"{'RISK_PERCEPTION_THRESHOLD': 0.3, 'LOW_DAMAGE_THRESHOLD': 0.216666666666667, 'HIGH_DAMAGE_THRESHOLD': 0.52, 'TRUST_CHANGE': 0.14, 'FEAR_CHANGE': 0.113333333333333, 'AWARENESS_INCREASE': 0.24, 'AWARENESS_DECREASE': 0.113333333333333, 'FIX_DAMAGE_NEIGHBOURS': 0.07, 'FIX_DAMAGE_CONCRETE': 0.42, 'FIX_DAMAGE_MUDBRICK': 0.453333333333333, 'FIX_DAMAGE_INFORMAL_SETTLEMENT': 0.7}",4319,1281,2169,350,131,488,1,5
55,"{'RISK_PERCEPTION_THRESHOLD': 0.3, 'LOW_DAMAGE_THRESHOLD': 0.216666666666667, 'HIGH_DAMAGE_THRESHOLD': 0.52, 'TRUST_CHANGE': 0.14, 'FEAR_CHANGE': 0.113333333333333, 'AWARENESS_INCREASE': 0.24, 'AWARENESS_DECREASE': 0.113333333333333, 'FIX_DAMAGE_NEIGHBOURS': 0.07, 'FIX_DAMAGE_CONCRETE': 0.42, 'FIX_DAMAGE_MUDBRICK': 0.24, 'FIX_DAMAGE_INFORMAL_SETTLEMENT': 0.7}",4172,715,2192,355,118,404,93,5
56,"{'RISK_PERCEPTION_THRESHOLD': 0.566666666666667, 'LOW_DAMAGE_THRESHOLD': 0.216666666666667, 'HIGH_DAMAGE_THRESHOLD': 0.52, 'TRUST_CHANGE': 0.14, 'FEAR_CHANGE': 0.113333333333333, 'AWARENESS_INCREASE': 0.24, 'AWARENESS_DECREASE': 0.113333333333333, 'FIX_DAMAGE_NEIGHBOURS': 0.07, 'FIX_DAMAGE_CONCRETE': 0.42, 'FIX_DAMAGE_MUDBRICK': 0.24, 'FIX_DAMAGE_INFORMAL_SETTLEMENT': 0.7}",4112,658,2207,351,135,482,2,5
57,"{'RISK_PERCEPTION_THRESHOLD': 0.566666666666667, 'LOW_DAMAGE_THRESHOLD': 0.216666666666667, 'HIGH_DAMAGE_THRESHOLD': 0.52, 'TRUST_CHANGE': 0.14, 'FEAR_CHANGE': 0.113333333333333, 'AWARENESS_INCREASE': 0.24, 'AWARENESS_DECREASE': 0.06, 'FIX_DAMAGE_NEIGHBOURS': 0.07, 'FIX_DAMAGE_CONCRETE': 0.42, 'FIX_DAMAGE_MUDBRICK': 0.24, 'FIX_DAMAGE_INFORMAL_SETTLEMENT': 0.7}",4326,1344,2039,349,125,494,2,11
58,"{'RISK_PERCEPTION_THRESHOLD': 0.566666666666667, 'LOW_DAMAGE_THRESHOLD': 0.216666666666667, 'HIGH_DAMAGE_THRESHOLD': 0.52, 'TRUST_CHANGE': 0.0866666666666667, 'FEAR_CHANGE': 0.113333333333333, 'AWARENESS_INCREASE': 0.24, 'AWARENESS_DECREASE': 0.06, 'FIX_DAMAGE_NEIGHBOURS': 0.07, 'FIX_DAMAGE_CONCRETE': 0.42, 'FIX_DAMAGE_MUDBRICK': 0.24, 'FIX_DAMAGE_INFORMAL_SETTLEMENT': 0.7}",4366,966,2182,348,126,494,2,5
59,"{'RISK_PERCEPTION_THRESHOLD': 0.566666666666667, 'LOW_DAMAGE_THRESHOLD': 0.216666666666667, 'HIGH_DAMAGE_THRESHOLD': 0.52, 'TRUST_CHANGE': 0.0866666666666667, 'FEAR_CHANGE': 0.113333333333333, 'AWARENESS_INCREASE': 0.24, 'AWARENESS_DECREASE': 0.06, 'FIX_DAMAGE_NEIGHBOURS': 0.07, 'FIX_DAMAGE_CONCRETE': 0.42, 'FIX_DAMAGE_MUDBRICK': 0.24, 'FIX_DAMAGE_INFORMAL_SETTLEMENT': 0.433333333333333}",4359,1002,2147,337,130,501,2,5
60,"{'RISK_PERCEPTION_THRESHOLD': 0.566666666666667, 'LOW_DAMAGE_THRESHOLD': 0.216666666666667, 'HIGH_DAMAGE_THRESHOLD': 0.36, 'TRUST_CHANGE': 0.113333333333333, 'FEAR_CHANGE': 0.0866666666666667, 'AWARENESS_INCREASE': 0.56, 'AWARENESS_DECREASE': 0.14, 'FIX_DAMAGE_NEIGHBOURS': 0.03, 'FIX_DAMAGE_CONCRETE': 0.18, 'FIX_DAMAGE_MUDBRICK': 0.453333333333333, 'FIX_DAMAGE_INFORMAL_SETTLEMENT': 0.3}",4281,409,2778,3,248,124,595,550
61,"{'RISK_PERCEPTION_THRESHOLD': 0.566666666666667, 'LOW_DAMAGE_THRESHOLD': 0.216666666666667, 'HIGH_DAMAGE_THRESHOLD': 0.36, 'TRUST_CHANGE': 0.113333333333333, 'FEAR_CHANGE': 0.0866666666666667, 'AWARENESS_INCREASE': 0.56, 'AWARENESS_DECREASE': 0.0866666666666667, 'FIX_DAMAGE_NEIGHBOURS': 0.03, 'FIX_DAMAGE_CONCRETE': 0.18, 'FIX_DAMAGE_MUDBRICK': 0.453333333333333, 'FIX_DAMAGE_INFORMAL_SETTLEMENT': 0.3}",4410,709,2884,2,232,141,595,477
62,"{'RISK_PERCEPTION_THRESHOLD': 0.566666666666667, 'LOW_DAMAGE_THRESHOLD': 0.216666666666667, 'HIGH_DAMAGE_THRESHOLD': 0.36, 'TRUST_CHANGE': 0.06, 'FEAR_CHANGE': 0.0866666666666667, 'AWARENESS_INCREASE': 0.56, 'AWARENESS_DECREASE': 0.0866666666666667, 'FIX_DAMAGE_NEIGHBOURS': 0.03, 'FIX_DAMAGE_CONCRETE': 0.18, 'FIX_DAMAGE_MUDBRICK': 0.453333333333333, 'FIX_DAMAGE_INFORMAL_SETTLEMENT': 0.3}",4538,734,2859,1,213,158,598,499
63,"{'RISK_PERCEPTION_THRESHOLD': 0.566666666666667, 'LOW_DAMAGE_THRESHOLD': 0.216666666666667, 'HIGH_DAMAGE_THRESHOLD': 0.36, 'TRUST_CHANGE': 0.06, 'FEAR_CHANGE': 0.0866666666666667, 'AWARENESS_INCREASE': 0.56, 'AWARENESS_DECREASE': 0.0866666666666667, 'FIX_DAMAGE_NEIGHBOURS': 0.0566666666666667, 'FIX_DAMAGE_CONCRETE': 0.18, 'FIX_DAMAGE_MUDBRICK': 0.453333333333333, 'FIX_DAMAGE_INFORMAL_SETTLEMENT': 0.3}",4656,761,2729,0,215,159,596,502
64,"{'RISK_PERCEPTION_THRESHOLD': 0.3, 'LOW_DAMAGE_THRESHOLD': 0.216666666666667, 'HIGH_DAMAGE_THRESHOLD': 0.36, 'TRUST_CHANGE': 0.06, 'FEAR_CHANGE': 0.0866666666666667, 'AWARENESS_INCREASE': 0.56, 'AWARENESS_DECREASE': 0.0866666666666667, 'FIX_DAMAGE_NEIGHBOURS': 0.0566666666666667, 'FIX_DAMAGE_CONCRETE': 0.18, 'FIX_DAMAGE_MUDBRICK': 0.453333333333333, 'FIX_DAMAGE_INFORMAL_SETTLEMENT': 0.3}",4541,934,2861,2,215,160,593,512
65,"{'RISK_PERCEPTION_THRESHOLD': 0.3, 'LOW_DAMAGE_THRESHOLD': 0.216666666666667, 'HIGH_DAMAGE_THRESHOLD': 0.36, 'TRUST_CHANGE': 0.06, 'FEAR_CHANGE': 0.0866666666666667, 'AWARENESS_INCREASE': 0.56, 'AWARENESS_DECREASE': 0.0866666666666667, 'FIX_DAMAGE_NEIGHBOURS': 0.0566666666666667, 'FIX_DAMAGE_CONCRETE': 0.18, 'FIX_DAMAGE_MUDBRICK': 0.24, 'FIX_DAMAGE_INFORMAL_SETTLEMENT': 0.3}",4428,1030,2786,0,212,124,634,618
66,"{'RISK_PERCEPTION_THRESHOLD': 0.3, 'LOW_DAMAGE_THRESHOLD': 0.216666666666667, 'HIGH_DAMAGE_THRESHOLD': 0.36, 'TRUST_CHANGE': 0.06, 'FEAR_CHANGE': 0.14, 'AWARENESS_INCREASE': 0.56, 'AWARENESS_DECREASE': 0.0866666666666667, 'FIX_DAMAGE_NEIGHBOURS': 0.0566666666666667, 'FIX_DAMAGE_CONCRETE': 0.18, 'FIX_DAMAGE_MUDBRICK': 0.24, 'FIX_DAMAGE_INFORMAL_SETTLEMENT': 0.3}",4241,656,2806,1,194,138,637,674
67,"{'RISK_PERCEPTION_THRESHOLD': 0.3, 'LOW_DAMAGE_THRESHOLD': 0.216666666666667, 'HIGH_DAMAGE_THRESHOLD': 0.68, 'TRUST_CHANGE': 0.06, 'FEAR_CHANGE': 0.14, 'AWARENESS_INCREASE': 0.56, 'AWARENESS_DECREASE': 0.0866666666666667, 'FIX_DAMAGE_NEIGHBOURS': 0.0566666666666667, 'FIX_DAMAGE_CONCRETE': 0.18, 'FIX_DAMAGE_MUDBRICK': 0.24, 'FIX_DAMAGE_INFORMAL_SETTLEMENT': 0.3}",5521,1069,3871,588,174,17,191,402
68,"{'RISK_PERCEPTION_THRESHOLD': 0.3, 'LOW_DAMAGE_THRESHOLD': 0.35, 'HIGH_DAMAGE_THRESHOLD': 0.68, 'TRUST_CHANGE': 0.06, 'FEAR_CHANGE': 0.14, 'AWARENESS_INCREASE': 0.56, 'AWARENESS_DECREASE': 0.0866666666666667, 'FIX_DAMAGE_NEIGHBOURS': 0.0566666666666667, 'FIX_DAMAGE_CONCRETE': 0.18, 'FIX_DAMAGE_MUDBRICK': 0.24, 'FIX_DAMAGE_INFORMAL_SETTLEMENT': 0.3}",5897,1318,3336,565,196,145,64,158
69,"{'RISK_PERCEPTION_THRESHOLD': 0.3, 'LOW_DAMAGE_THRESHOLD': 0.35, 'HIGH_DAMAGE_THRESHOLD': 0.68, 'TRUST_CHANGE': 0.06, 'FEAR_CHANGE': 0.14, 'AWARENESS_INCREASE': 0.56, 'AWARENESS_DECREASE': 0.0866666666666667, 'FIX_DAMAGE_NEIGHBOURS': 0.0566666666666667, 'FIX_DAMAGE_CONCRETE': 0.18, 'FIX_DAMAGE_MUDBRICK': 0.24, 'FIX_DAMAGE_INFORMAL_SETTLEMENT': 0.566666666666667}",5880,2128,3159,541,223,73,133,219
70,"{'RISK_PERCEPTION_THRESHOLD': 0.3, 'LOW_DAMAGE_THRESHOLD': 0.35, 'HIGH_DAMAGE_THRESHOLD': 0.68, 'TRUST_CHANGE': 0.06, 'FEAR_CHANGE': 0.14, 'AWARENESS_INCREASE': 0.346666666666667, 'AWARENESS_DECREASE': 0.0866666666666667, 'FIX_DAMAGE_NEIGHBOURS': 0.0566666666666667, 'FIX_DAMAGE_CONCRETE': 0.18, 'FIX_DAMAGE_MUDBRICK': 0.24, 'FIX_DAMAGE_INFORMAL_SETTLEMENT': 0.566666666666667}",5544,1949,3127,543,235,144,48,160
71,"{'RISK_PERCEPTION_THRESHOLD': 0.3, 'LOW_DAMAGE_THRESHOLD': 0.35, 'HIGH_DAMAGE_THRESHOLD': 0.68, 'TRUST_CHANGE': 0.06, 'FEAR_CHANGE': 0.14, 'AWARENESS_INCREASE': 0.346666666666667, 'AWARENESS_DECREASE': 0.0866666666666667, 'FIX_DAMAGE_NEIGHBOURS': 0.0566666666666667, 'FIX_DAMAGE_CONCRETE': 0.34, 'FIX_DAMAGE_MUDBRICK': 0.24, 'FIX_DAMAGE_INFORMAL_SETTLEMENT': 0.566666666666667}",4469,1855,2518,544,233,192,1,4
72,"{'RISK_PERCEPTION_THRESHOLD': 0.7, 'LOW_DAMAGE_THRESHOLD': 0.216666666666667, 'HIGH_DAMAGE_THRESHOLD': 0.52, 'TRUST_CHANGE': 0.06, 'FEAR_CHANGE': 0.14, 'AWARENESS_INCREASE': 0.56, 'AWARENESS_DECREASE': 0.06, 'FIX_DAMAGE_NEIGHBOURS': 0.0566666666666667, 'FIX_DAMAGE_CONCRETE': 0.34, 'FIX_DAMAGE_MUDBRICK': 0.56, 'FIX_DAMAGE_INFORMAL_SETTLEMENT': 0.433333333333333}",4609,353,2448,377,129,462,2,12
73,"{'RISK_PERCEPTION_THRESHOLD': 0.7, 'LOW_DAMAGE_THRESHOLD': 0.216666666666667, 'HIGH_DAMAGE_THRESHOLD': 0.52, 'TRUST_CHANGE': 0.113333333333333, 'FEAR_CHANGE': 0.14, 'AWARENESS_INCREASE': 0.56, 'AWARENESS_DECREASE': 0.06, 'FIX_DAMAGE_NEIGHBOURS': 0.0566666666666667, 'FIX_DAMAGE_CONCRETE': 0.34, 'FIX_DAMAGE_MUDBRICK': 0.56, 'FIX_DAMAGE_INFORMAL_SETTLEMENT': 0.433333333333333}",4557,357,2594,377,131,457,5,13
74,"{'RISK_PERCEPTION_THRESHOLD': 0.7, 'LOW_DAMAGE_THRESHOLD': 0.216666666666667, 'HIGH_DAMAGE_THRESHOLD': 0.52, 'TRUST_CHANGE': 0.113333333333333, 'FEAR_CHANGE': 0.14, 'AWARENESS_INCREASE': 0.56, 'AWARENESS_DECREASE': 0.06, 'FIX_DAMAGE_NEIGHBOURS': 0.0566666666666667, 'FIX_DAMAGE_CONCRETE': 0.34, 'FIX_DAMAGE_MUDBRICK': 0.56, 'FIX_DAMAGE_INFORMAL_SETTLEMENT': 0.7}",4599,505,2371,392,113,460,5,7
75,"{'RISK_PERCEPTION_THRESHOLD': 0.7, 'LOW_DAMAGE_THRESHOLD': 0.216666666666667, 'HIGH_DAMAGE_THRESHOLD': 0.52, 'TRUST_CHANGE': 0.113333333333333, 'FEAR_CHANGE': 0.0866666666666667, 'AWARENESS_INCREASE': 0.56, 'AWARENESS_DECREASE': 0.06, 'FIX_DAMAGE_NEIGHBOURS': 0.0566666666666667, 'FIX_DAMAGE_CONCRETE': 0.34, 'FIX_DAMAGE_MUDBRICK': 0.56, 'FIX_DAMAGE_INFORMAL_SETTLEMENT': 0.7}",4623,885,2425,389,114,461,6,6
76,"{'RISK_PERCEPTION_THRESHOLD': 0.7, 'LOW_DAMAGE_THRESHOLD': 0.216666666666667, 'HIGH_DAMAGE_THRESHOLD': 0.52, 'TRUST_CHANGE': 0.113333333333333, 'FEAR_CHANGE': 0.0866666666666667, 'AWARENESS_INCREASE': 0.56, 'AWARENESS_DECREASE': 0.06, 'FIX_DAMAGE_NEIGHBOURS': 0.0566666666666667, 'FIX_DAMAGE_CONCRETE': 0.18, 'FIX_DAMAGE_MUDBRICK': 0.56, 'FIX_DAMAGE_INFORMAL_SETTLEMENT': 0.7}",4696,522,2506,395,118,444,13,18
77,"{'RISK_PERCEPTION_THRESHOLD': 0.7, 'LOW_DAMAGE_THRESHOLD': 0.216666666666667, 'HIGH_DAMAGE_THRESHOLD': 0.52, 'TRUST_CHANGE': 0.113333333333333, 'FEAR_CHANGE': 0.0866666666666667, 'AWARENESS_INCREASE': 0.56, 'AWARENESS_DECREASE': 0.113333333333333, 'FIX_DAMAGE_NEIGHBOURS': 0.0566666666666667, 'FIX_DAMAGE_CONCRETE': 0.18, 'FIX_DAMAGE_MUDBRICK': 0.56, 'FIX_DAMAGE_INFORMAL_SETTLEMENT': 0.7}",4753,760,2256,388,117,456,9,13
78,"{'RISK_PERCEPTION_THRESHOLD': 0.7, 'LOW_DAMAGE_THRESHOLD': 0.216666666666667, 'HIGH_DAMAGE_THRESHOLD': 0.84, 'TRUST_CHANGE': 0.113333333333333, 'FEAR_CHANGE': 0.0866666666666667, 'AWARENESS_INCREASE': 0.56, 'AWARENESS_DECREASE': 0.113333333333333, 'FIX_DAMAGE_NEIGHBOURS': 0.0566666666666667, 'FIX_DAMAGE_CONCRETE': 0.18, 'FIX_DAMAGE_MUDBRICK': 0.56, 'FIX_DAMAGE_INFORMAL_SETTLEMENT': 0.7}",3747,550,1802,673,140,155,2,21
79,"{'RISK_PERCEPTION_THRESHOLD': 0.7, 'LOW_DAMAGE_THRESHOLD': 0.216666666666667, 'HIGH_DAMAGE_THRESHOLD': 0.84, 'TRUST_CHANGE': 0.113333333333333, 'FEAR_CHANGE': 0.0866666666666667, 'AWARENESS_INCREASE': 0.346666666666667, 'AWARENESS_DECREASE': 0.113333333333333, 'FIX_DAMAGE_NEIGHBOURS': 0.0566666666666667, 'FIX_DAMAGE_CONCRETE': 0.18, 'FIX_DAMAGE_MUDBRICK': 0.56, 'FIX_DAMAGE_INFORMAL_SETTLEMENT': 0.7}",2941,874,1221,669,144,157,0,6
80,"{'RISK_PERCEPTION_THRESHOLD': 0.7, 'LOW_DAMAGE_THRESHOLD': 0.216666666666667, 'HIGH_DAMAGE_THRESHOLD': 0.84, 'TRUST_CHANGE': 0.113333333333333, 'FEAR_CHANGE': 0.0866666666666667, 'AWARENESS_INCREASE': 0.346666666666667, 'AWARENESS_DECREASE': 0.113333333333333, 'FIX_DAMAGE_NEIGHBOURS': 0.03, 'FIX_DAMAGE_CONCRETE': 0.18, 'FIX_DAMAGE_MUDBRICK': 0.56, 'FIX_DAMAGE_INFORMAL_SETTLEMENT': 0.7}",3156,964,1446,673,137,156,4,49
81,"{'RISK_PERCEPTION_THRESHOLD': 0.7, 'LOW_DAMAGE_THRESHOLD': 0.35, 'HIGH_DAMAGE_THRESHOLD': 0.84, 'TRUST_CHANGE': 0.113333333333333, 'FEAR_CHANGE': 0.0866666666666667, 'AWARENESS_INCREASE': 0.346666666666667, 'AWARENESS_DECREASE': 0.113333333333333, 'FIX_DAMAGE_NEIGHBOURS': 0.03, 'FIX_DAMAGE_CONCRETE': 0.18, 'FIX_DAMAGE_MUDBRICK': 0.56, 'FIX_DAMAGE_INFORMAL_SETTLEMENT': 0.7}",3091,624,1248,701,113,155,1,11
82,"{'RISK_PERCEPTION_THRESHOLD': 0.7, 'LOW_DAMAGE_THRESHOLD': 0.35, 'HIGH_DAMAGE_THRESHOLD': 0.84, 'TRUST_CHANGE': 0.113333333333333, 'FEAR_CHANGE': 0.0866666666666667, 'AWARENESS_INCREASE': 0.346666666666667, 'AWARENESS_DECREASE': 0.113333333333333, 'FIX_DAMAGE_NEIGHBOURS': 0.03, 'FIX_DAMAGE_CONCRETE': 0.18, 'FIX_DAMAGE_MUDBRICK': 0.346666666666667, 'FIX_DAMAGE_INFORMAL_SETTLEMENT': 0.7}",2833,751,1317,685,121,164,0,13
83,"{'RISK_PERCEPTION_THRESHOLD': 0.433333333333333, 'LOW_DAMAGE_THRESHOLD': 0.35, 'HIGH_DAMAGE_THRESHOLD': 0.84, 'TRUST_CHANGE': 0.113333333333333, 'FEAR_CHANGE': 0.0866666666666667, 'AWARENESS_INCREASE': 0.346666666666667, 'AWARENESS_DECREASE': 0.113333333333333, 'FIX_DAMAGE_NEIGHBOURS': 0.03, 'FIX_DAMAGE_CONCRETE': 0.18, 'FIX_DAMAGE_MUDBRICK': 0.346666666666667, 'FIX_DAMAGE_INFORMAL_SETTLEMENT': 0.7}",4894,2318,2583,591,214,134,31,269
84,"{'RISK_PERCEPTION_THRESHOLD': 0.7, 'LOW_DAMAGE_THRESHOLD': 0.283333333333333, 'HIGH_DAMAGE_THRESHOLD': 0.84, 'TRUST_CHANGE': 0.0866666666666667, 'FEAR_CHANGE': 0.113333333333333, 'AWARENESS_INCREASE': 0.453333333333333, 'AWARENESS_DECREASE': 0.0866666666666667, 'FIX_DAMAGE_NEIGHBOURS': 0.0566666666666667, 'FIX_DAMAGE_CONCRETE': 0.18, 'FIX_DAMAGE_MUDBRICK': 0.453333333333333, 'FIX_DAMAGE_INFORMAL_SETTLEMENT': 0.433333333333333}",3445,391,1644,719,89,162,0,7
85,"{'RISK_PERCEPTION_THRESHOLD': 0.7, 'LOW_DAMAGE_THRESHOLD': 0.283333333333333, 'HIGH_DAMAGE_THRESHOLD': 0.84, 'TRUST_CHANGE': 0.14, 'FEAR_CHANGE': 0.113333333333333, 'AWARENESS_INCREASE': 0.453333333333333, 'AWARENESS_DECREASE': 0.0866666666666667, 'FIX_DAMAGE_NEIGHBOURS': 0.0566666666666667, 'FIX_DAMAGE_CONCRETE': 0.18, 'FIX_DAMAGE_MUDBRICK': 0.453333333333333, 'FIX_DAMAGE_INFORMAL_SETTLEMENT': 0.433333333333333}",3450,752,1504,672,138,160,0,7
86,"{'RISK_PERCEPTION_THRESHOLD': 0.7, 'LOW_DAMAGE_THRESHOLD': 0.15, 'HIGH_DAMAGE_THRESHOLD': 0.84, 'TRUST_CHANGE': 0.14, 'FEAR_CHANGE': 0.113333333333333, 'AWARENESS_INCREASE': 0.453333333333333, 'AWARENESS_DECREASE': 0.0866666666666667, 'FIX_DAMAGE_NEIGHBOURS': 0.0566666666666667, 'FIX_DAMAGE_CONCRETE': 0.18, 'FIX_DAMAGE_MUDBRICK': 0.453333333333333, 'FIX_DAMAGE_INFORMAL_SETTLEMENT': 0.433333333333333}",3198,882,1349,661,148,160,1,32
87,"{'RISK_PERCEPTION_THRESHOLD': 0.7, 'LOW_DAMAGE_THRESHOLD': 0.15, 'HIGH_DAMAGE_THRESHOLD': 0.84, 'TRUST_CHANGE': 0.14, 'FEAR_CHANGE': 0.113333333333333, 'AWARENESS_INCREASE': 0.453333333333333, 'AWARENESS_DECREASE': 0.0866666666666667, 'FIX_DAMAGE_NEIGHBOURS': 0.03, 'FIX_DAMAGE_CONCRETE': 0.18, 'FIX_DAMAGE_MUDBRICK': 0.453333333333333, 'FIX_DAMAGE_INFORMAL_SETTLEMENT': 0.433333333333333}",3346,771,1530,677,133,147,13,118
88,"{'RISK_PERCEPTION_THRESHOLD': 0.7, 'LOW_DAMAGE_THRESHOLD': 0.15, 'HIGH_DAMAGE_THRESHOLD': 0.84, 'TRUST_CHANGE': 0.14, 'FEAR_CHANGE': 0.113333333333333, 'AWARENESS_INCREASE': 0.453333333333333, 'AWARENESS_DECREASE': 0.0866666666666667, 'FIX_DAMAGE_NEIGHBOURS': 0.03, 'FIX_DAMAGE_CONCRETE': 0.18, 'FIX_DAMAGE_MUDBRICK': 0.24, 'FIX_DAMAGE_INFORMAL_SETTLEMENT': 0.433333333333333}",3485,906,1500,671,133,97,69,135
89,"{'RISK_PERCEPTION_THRESHOLD': 0.7, 'LOW_DAMAGE_THRESHOLD': 0.15, 'HIGH_DAMAGE_THRESHOLD': 0.84, 'TRUST_CHANGE': 0.14, 'FEAR_CHANGE': 0.113333333333333, 'AWARENESS_INCREASE': 0.453333333333333, 'AWARENESS_DECREASE': 0.14, 'FIX_DAMAGE_NEIGHBOURS': 0.03, 'FIX_DAMAGE_CONCRETE': 0.18, 'FIX_DAMAGE_MUDBRICK': 0.24, 'FIX_DAMAGE_INFORMAL_SETTLEMENT': 0.433333333333333}",2963,747,1445,666,144,91,69,206
90,"{'RISK_PERCEPTION_THRESHOLD': 0.7, 'LOW_DAMAGE_THRESHOLD': 0.15, 'HIGH_DAMAGE_THRESHOLD': 0.84, 'TRUST_CHANGE': 0.14, 'FEAR_CHANGE': 0.113333333333333, 'AWARENESS_INCREASE': 0.24, 'AWARENESS_DECREASE': 0.14, 'FIX_DAMAGE_NEIGHBOURS': 0.03, 'FIX_DAMAGE_CONCRETE': 0.18, 'FIX_DAMAGE_MUDBRICK': 0.24, 'FIX_DAMAGE_INFORMAL_SETTLEMENT': 0.433333333333333}",2450,576,1248,674,131,96,69,123
91,"{'RISK_PERCEPTION_THRESHOLD': 0.433333333333333, 'LOW_DAMAGE_THRESHOLD': 0.15, 'HIGH_DAMAGE_THRESHOLD': 0.84, 'TRUST_CHANGE': 0.14, 'FEAR_CHANGE': 0.113333333333333, 'AWARENESS_INCREASE': 0.24, 'AWARENESS_DECREASE': 0.14, 'FIX_DAMAGE_NEIGHBOURS': 0.03, 'FIX_DAMAGE_CONCRETE': 0.18, 'FIX_DAMAGE_MUDBRICK': 0.24, 'FIX_DAMAGE_INFORMAL_SETTLEMENT': 0.433333333333333}",4446,1358,2612,628,178,95,69,444
92,"{'RISK_PERCEPTION_THRESHOLD': 0.433333333333333, 'LOW_DAMAGE_THRESHOLD': 0.15, 'HIGH_DAMAGE_THRESHOLD': 0.84, 'TRUST_CHANGE': 0.14, 'FEAR_CHANGE': 0.06, 'AWARENESS_INCREASE': 0.24, 'AWARENESS_DECREASE': 0.14, 'FIX_DAMAGE_NEIGHBOURS': 0.03, 'FIX_DAMAGE_CONCRETE': 0.18, 'FIX_DAMAGE_MUDBRICK': 0.24, 'FIX_DAMAGE_INFORMAL_SETTLEMENT': 0.433333333333333}",4846,1523,2692,600,209,92,69,298
93,"{'RISK_PERCEPTION_THRESHOLD': 0.433333333333333, 'LOW_DAMAGE_THRESHOLD': 0.15, 'HIGH_DAMAGE_THRESHOLD': 0.52, 'TRUST_CHANGE': 0.14, 'FEAR_CHANGE': 0.06, 'AWARENESS_INCREASE': 0.24, 'AWARENESS_DECREASE': 0.14, 'FIX_DAMAGE_NEIGHBOURS': 0.03, 'FIX_DAMAGE_CONCRETE': 0.18, 'FIX_DAMAGE_MUDBRICK': 0.24, 'FIX_DAMAGE_INFORMAL_SETTLEMENT': 0.433333333333333}",4721,1316,2660,337,96,132,405,455
94,"{'RISK_PERCEPTION_THRESHOLD': 0.433333333333333, 'LOW_DAMAGE_THRESHOLD': 0.15, 'HIGH_DAMAGE_THRESHOLD': 0.52, 'TRUST_CHANGE': 0.14, 'FEAR_CHANGE': 0.06, 'AWARENESS_INCREASE': 0.24, 'AWARENESS_DECREASE': 0.14, 'FIX_DAMAGE_NEIGHBOURS': 0.03, 'FIX_DAMAGE_CONCRETE': 0.34, 'FIX_DAMAGE_MUDBRICK': 0.24, 'FIX_DAMAGE_INFORMAL_SETTLEMENT': 0.433333333333333}",4714,449,2987,337,121,411,101,338
95,"{'RISK_PERCEPTION_THRESHOLD': 0.433333333333333, 'LOW_DAMAGE_THRESHOLD': 0.15, 'HIGH_DAMAGE_THRESHOLD': 0.52, 'TRUST_CHANGE': 0.14, 'FEAR_CHANGE': 0.06, 'AWARENESS_INCREASE': 0.24, 'AWARENESS_DECREASE': 0.14, 'FIX_DAMAGE_NEIGHBOURS': 0.03, 'FIX_DAMAGE_CONCRETE': 0.34, 'FIX_DAMAGE_MUDBRICK': 0.24, 'FIX_DAMAGE_INFORMAL_SETTLEMENT': 0.7}",4949,1363,3002,348,118,404,100,266
96,"{'RISK_PERCEPTION_THRESHOLD': 0.3, 'LOW_DAMAGE_THRESHOLD': 0.283333333333333, 'HIGH_DAMAGE_THRESHOLD': 0.68, 'TRUST_CHANGE': 0.06, 'FEAR_CHANGE': 0.06, 'AWARENESS_INCREASE': 0.453333333333333, 'AWARENESS_DECREASE': 0.14, 'FIX_DAMAGE_NEIGHBOURS': 0.0433333333333333, 'FIX_DAMAGE_CONCRETE': 0.42, 'FIX_DAMAGE_MUDBRICK': 0.56, 'FIX_DAMAGE_INFORMAL_SETTLEMENT': 0.3}",4434,2348,2182,563,236,169,2,24
97,"{'RISK_PERCEPTION_THRESHOLD': 0.3, 'LOW_DAMAGE_THRESHOLD': 0.283333333333333, 'HIGH_DAMAGE_THRESHOLD': 0.68, 'TRUST_CHANGE': 0.113333333333333, 'FEAR_CHANGE': 0.06, 'AWARENESS_INCREASE': 0.453333333333333, 'AWARENESS_DECREASE': 0.14, 'FIX_DAMAGE_NEIGHBOURS': 0.0433333333333333, 'FIX_DAMAGE_CONCRETE': 0.42, 'FIX_DAMAGE_MUDBRICK': 0.56, 'FIX_DAMAGE_INFORMAL_SETTLEMENT': 0.3}",4611,1070,2460,579,227,162,2,13
98,"{'RISK_PERCEPTION_THRESHOLD': 0.3, 'LOW_DAMAGE_THRESHOLD': 0.15, 'HIGH_DAMAGE_THRESHOLD': 0.68, 'TRUST_CHANGE': 0.113333333333333, 'FEAR_CHANGE': 0.06, 'AWARENESS_INCREASE': 0.453333333333333, 'AWARENESS_DECREASE': 0.14, 'FIX_DAMAGE_NEIGHBOURS': 0.0433333333333333, 'FIX_DAMAGE_CONCRETE': 0.42, 'FIX_DAMAGE_MUDBRICK': 0.56, 'FIX_DAMAGE_INFORMAL_SETTLEMENT': 0.3}",5727,2083,3333,567,238,105,60,297
99,"{'RISK_PERCEPTION_THRESHOLD': 0.566666666666667, 'LOW_DAMAGE_THRESHOLD': 0.15, 'HIGH_DAMAGE_THRESHOLD': 0.68, 'TRUST_CHANGE': 0.113333333333333, 'FEAR_CHANGE': 0.06, 'AWARENESS_INCREASE': 0.453333333333333, 'AWARENESS_DECREASE': 0.14, 'FIX_DAMAGE_NEIGHBOURS': 0.0433333333333333, 'FIX_DAMAGE_CONCRETE': 0.42, 'FIX_DAMAGE_MUDBRICK': 0.56, 'FIX_DAMAGE_INFORMAL_SETTLEMENT': 0.3}",4728,2006,2116,575,236,101,58,182
100,"{'RISK_PERCEPTION_THRESHOLD': 0.566666666666667, 'LOW_DAMAGE_THRESHOLD': 0.15, 'HIGH_DAMAGE_THRESHOLD': 0.36, 'TRUST_CHANGE': 0.113333333333333, 'FEAR_CHANGE': 0.06, 'AWARENESS_INCREASE': 0.453333333333333, 'AWARENESS_DECREASE': 0.14, 'FIX_DAMAGE_NEIGHBOURS': 0.0433333333333333, 'FIX_DAMAGE_CONCRETE': 0.42, 'FIX_DAMAGE_MUDBRICK': 0.56, 'FIX_DAMAGE_INFORMAL_SETTLEMENT': 0.3}",5027,1247,2906,337,119,400,114,169
101,"{'RISK_PERCEPTION_THRESHOLD': 0.566666666666667, 'LOW_DAMAGE_THRESHOLD': 0.15, 'HIGH_DAMAGE_THRESHOLD': 0.36, 'TRUST_CHANGE': 0.113333333333333, 'FEAR_CHANGE': 0.06, 'AWARENESS_INCREASE': 0.453333333333333, 'AWARENESS_DECREASE': 0.14, 'FIX_DAMAGE_NEIGHBOURS': 0.0433333333333333, 'FIX_DAMAGE_CONCRETE': 0.42, 'FIX_DAMAGE_MUDBRICK': 0.346666666666667, 'FIX_DAMAGE_INFORMAL_SETTLEMENT': 0.3}",4915,1075,2755,337,119,327,187,150
102,"{'RISK_PERCEPTION_THRESHOLD': 0.566666666666667, 'LOW_DAMAGE_THRESHOLD': 0.15, 'HIGH_DAMAGE_THRESHOLD': 0.36, 'TRUST_CHANGE': 0.113333333333333, 'FEAR_CHANGE': 0.06, 'AWARENESS_INCREASE': 0.453333333333333, 'AWARENESS_DECREASE': 0.14, 'FIX_DAMAGE_NEIGHBOURS': 0.0433333333333333, 'FIX_DAMAGE_CONCRETE': 0.26, 'FIX_DAMAGE_MUDBRICK': 0.346666666666667, 'FIX_DAMAGE_INFORMAL_SETTLEMENT': 0.3}",4979,1069,2746,338,121,360,151,205
103,"{'RISK_PERCEPTION_THRESHOLD': 0.566666666666667, 'LOW_DAMAGE_THRESHOLD': 0.15, 'HIGH_DAMAGE_THRESHOLD': 0.36, 'TRUST_CHANGE': 0.113333333333333, 'FEAR_CHANGE': 0.06, 'AWARENESS_INCREASE': 0.453333333333333, 'AWARENESS_DECREASE': 0.14, 'FIX_DAMAGE_NEIGHBOURS': 0.0433333333333333, 'FIX_DAMAGE_CONCRETE': 0.26, 'FIX_DAMAGE_MUDBRICK': 0.346666666666667, 'FIX_DAMAGE_INFORMAL_SETTLEMENT': 0.566666666666667}",4756,1258,2772,337,117,353,163,168
104,"{'RISK_PERCEPTION_THRESHOLD': 0.566666666666667, 'LOW_DAMAGE_THRESHOLD': 0.15, 'HIGH_DAMAGE_THRESHOLD': 0.36, 'TRUST_CHANGE': 0.113333333333333, 'FEAR_CHANGE': 0.113333333333333, 'AWARENESS_INCREASE': 0.453333333333333, 'AWARENESS_DECREASE': 0.14, 'FIX_DAMAGE_NEIGHBOURS': 0.0433333333333333, 'FIX_DAMAGE_CONCRETE': 0.26, 'FIX_DAMAGE_MUDBRICK': 0.346666666666667, 'FIX_DAMAGE_INFORMAL_SETTLEMENT': 0.566666666666667}",4747,988,2524,338,123,175,334,214
105,"{'RISK_PERCEPTION_THRESHOLD': 0.566666666666667, 'LOW_DAMAGE_THRESHOLD': 0.15, 'HIGH_DAMAGE_THRESHOLD': 0.36, 'TRUST_CHANGE': 0.113333333333333, 'FEAR_CHANGE': 0.113333333333333, 'AWARENESS_INCREASE': 0.24, 'AWARENESS_DECREASE': 0.14, 'FIX_DAMAGE_NEIGHBOURS': 0.0433333333333333, 'FIX_DAMAGE_CONCRETE': 0.26, 'FIX_DAMAGE_MUDBRICK': 0.346666666666667, 'FIX_DAMAGE_INFORMAL_SETTLEMENT': 0.566666666666667}",4344,434,2580,338,126,484,22,107
106,"{'RISK_PERCEPTION_THRESHOLD': 0.566666666666667, 'LOW_DAMAGE_THRESHOLD': 0.15, 'HIGH_DAMAGE_THRESHOLD': 0.36, 'TRUST_CHANGE': 0.113333333333333, 'FEAR_CHANGE': 0.113333333333333, 'AWARENESS_INCREASE': 0.24, 'AWARENESS_DECREASE': 0.0866666666666667, 'FIX_DAMAGE_NEIGHBOURS': 0.0433333333333333, 'FIX_DAMAGE_CONCRETE': 0.26, 'FIX_DAMAGE_MUDBRICK': 0.346666666666667, 'FIX_DAMAGE_INFORMAL_SETTLEMENT': 0.566666666666667}",4815,546,2862,338,131,381,120,126
107,"{'RISK_PERCEPTION_THRESHOLD': 0.566666666666667, 'LOW_DAMAGE_THRESHOLD': 0.15, 'HIGH_DAMAGE_THRESHOLD': 0.36, 'TRUST_CHANGE': 0.113333333333333, 'FEAR_CHANGE': 0.113333333333333, 'AWARENESS_INCREASE': 0.24, 'AWARENESS_DECREASE': 0.0866666666666667, 'FIX_DAMAGE_NEIGHBOURS': 0.07, 'FIX_DAMAGE_CONCRETE': 0.26, 'FIX_DAMAGE_MUDBRICK': 0.346666666666667, 'FIX_DAMAGE_INFORMAL_SETTLEMENT': 0.566666666666667}",4738,1031,2740,338,125,455,52,58
108,"{'RISK_PERCEPTION_THRESHOLD': 0.3, 'LOW_DAMAGE_THRESHOLD': 0.216666666666667, 'HIGH_DAMAGE_THRESHOLD': 0.84, 'TRUST_CHANGE': 0.0866666666666667, 'FEAR_CHANGE': 0.14, 'AWARENESS_INCREASE': 0.346666666666667, 'AWARENESS_DECREASE': 0.14, 'FIX_DAMAGE_NEIGHBOURS': 0.03, 'FIX_DAMAGE_CONCRETE': 0.34, 'FIX_DAMAGE_MUDBRICK': 0.453333333333333, 'FIX_DAMAGE_INFORMAL_SETTLEMENT': 0.433333333333333}",5068,1405,3187,584,223,100,63,208
109,"{'RISK_PERCEPTION_THRESHOLD': 0.3, 'LOW_DAMAGE_THRESHOLD': 0.216666666666667, 'HIGH_DAMAGE_THRESHOLD': 0.84, 'TRUST_CHANGE': 0.14, 'FEAR_CHANGE': 0.14, 'AWARENESS_INCREASE': 0.346666666666667, 'AWARENESS_DECREASE': 0.14, 'FIX_DAMAGE_NEIGHBOURS': 0.03, 'FIX_DAMAGE_CONCRETE': 0.34, 'FIX_DAMAGE_MUDBRICK': 0.453333333333333, 'FIX_DAMAGE_INFORMAL_SETTLEMENT': 0.433333333333333}",4713,2131,2613,582,228,95,65,287
110,"{'RISK_PERCEPTION_THRESHOLD': 0.3, 'LOW_DAMAGE_THRESHOLD': 0.216666666666667, 'HIGH_DAMAGE_THRESHOLD': 0.84, 'TRUST_CHANGE': 0.14, 'FEAR_CHANGE': 0.14, 'AWARENESS_INCREASE': 0.346666666666667, 'AWARENESS_DECREASE': 0.14, 'FIX_DAMAGE_NEIGHBOURS': 0.0566666666666667, 'FIX_DAMAGE_CONCRETE': 0.34, 'FIX_DAMAGE_MUDBRICK': 0.453333333333333, 'FIX_DAMAGE_INFORMAL_SETTLEMENT': 0.433333333333333}",5337,1974,2621,600,211,105,54,177
111,"{'RISK_PERCEPTION_THRESHOLD': 0.3, 'LOW_DAMAGE_THRESHOLD': 0.35, 'HIGH_DAMAGE_THRESHOLD': 0.84, 'TRUST_CHANGE': 0.14, 'FEAR_CHANGE': 0.14, 'AWARENESS_INCREASE': 0.346666666666667, 'AWARENESS_DECREASE': 0.14, 'FIX_DAMAGE_NEIGHBOURS': 0.0566666666666667, 'FIX_DAMAGE_CONCRETE': 0.34, 'FIX_DAMAGE_MUDBRICK': 0.453333333333333, 'FIX_DAMAGE_INFORMAL_SETTLEMENT': 0.433333333333333}",4117,1080,2197,654,160,156,0,8
112,"{'RISK_PERCEPTION_THRESHOLD': 0.3, 'LOW_DAMAGE_THRESHOLD': 0.35, 'HIGH_DAMAGE_THRESHOLD': 0.84, 'TRUST_CHANGE': 0.14, 'FEAR_CHANGE': 0.14, 'AWARENESS_INCREASE': 0.56, 'AWARENESS_DECREASE': 0.14, 'FIX_DAMAGE_NEIGHBOURS': 0.0566666666666667, 'FIX_DAMAGE_CONCRETE': 0.34, 'FIX_DAMAGE_MUDBRICK': 0.453333333333333, 'FIX_DAMAGE_INFORMAL_SETTLEMENT': 0.433333333333333}",4488,1086,2517,635,174,161,0,5
113,"{'RISK_PERCEPTION_THRESHOLD': 0.566666666666667, 'LOW_DAMAGE_THRESHOLD': 0.35, 'HIGH_DAMAGE_THRESHOLD': 0.84, 'TRUST_CHANGE': 0.14, 'FEAR_CHANGE': 0.14, 'AWARENESS_INCREASE': 0.56, 'AWARENESS_DECREASE': 0.14, 'FIX_DAMAGE_NEIGHBOURS': 0.0566666666666667, 'FIX_DAMAGE_CONCRETE': 0.34, 'FIX_DAMAGE_MUDBRICK': 0.453333333333333, 'FIX_DAMAGE_INFORMAL_SETTLEMENT': 0.433333333333333}",3688,1782,1475,598,216,156,0,6
114,"{'RISK_PERCEPTION_THRESHOLD': 0.566666666666667, 'LOW_DAMAGE_THRESHOLD': 0.35, 'HIGH_DAMAGE_THRESHOLD': 0.84, 'TRUST_CHANGE': 0.14, 'FEAR_CHANGE': 0.14, 'AWARENESS_INCREASE': 0.56, 'AWARENESS_DECREASE': 0.0866666666666667, 'FIX_DAMAGE_NEIGHBOURS': 0.0566666666666667, 'FIX_DAMAGE_CONCRETE': 0.34, 'FIX_DAMAGE_MUDBRICK': 0.453333333333333, 'FIX_DAMAGE_INFORMAL_SETTLEMENT': 0.433333333333333}",4001,1430,1951,600,215,155,0,2
115,"{'RISK_PERCEPTION_THRESHOLD': 0.566666666666667, 'LOW_DAMAGE_THRESHOLD': 0.35, 'HIGH_DAMAGE_THRESHOLD': 0.84, 'TRUST_CHANGE': 0.14, 'FEAR_CHANGE': 0.14, 'AWARENESS_INCREASE': 0.56, 'AWARENESS_DECREASE': 0.0866666666666667, 'FIX_DAMAGE_NEIGHBOURS': 0.0566666666666667, 'FIX_DAMAGE_CONCRETE': 0.34, 'FIX_DAMAGE_MUDBRICK': 0.453333333333333, 'FIX_DAMAGE_INFORMAL_SETTLEMENT': 0.7}",3901,1094,1978,648,177,145,0,5
116,"{'RISK_PERCEPTION_THRESHOLD': 0.566666666666667, 'LOW_DAMAGE_THRESHOLD': 0.35, 'HIGH_DAMAGE_THRESHOLD': 0.84, 'TRUST_CHANGE': 0.14, 'FEAR_CHANGE': 0.0866666666666667, 'AWARENESS_INCREASE': 0.56, 'AWARENESS_DECREASE': 0.0866666666666667, 'FIX_DAMAGE_NEIGHBOURS': 0.0566666666666667, 'FIX_DAMAGE_CONCRETE': 0.34, 'FIX_DAMAGE_MUDBRICK': 0.453333333333333, 'FIX_DAMAGE_INFORMAL_SETTLEMENT': 0.7}",3807,1452,1856,628,188,154,0,1
117,"{'RISK_PERCEPTION_THRESHOLD': 0.566666666666667, 'LOW_DAMAGE_THRESHOLD': 0.35, 'HIGH_DAMAGE_THRESHOLD': 0.84, 'TRUST_CHANGE': 0.14, 'FEAR_CHANGE': 0.0866666666666667, 'AWARENESS_INCREASE': 0.56, 'AWARENESS_DECREASE': 0.0866666666666667, 'FIX_DAMAGE_NEIGHBOURS': 0.0566666666666667, 'FIX_DAMAGE_CONCRETE': 0.34, 'FIX_DAMAGE_MUDBRICK': 0.24, 'FIX_DAMAGE_INFORMAL_SETTLEMENT': 0.7}",3772,1299,1853,608,206,156,0,7
118,"{'RISK_PERCEPTION_THRESHOLD': 0.566666666666667, 'LOW_DAMAGE_THRESHOLD': 0.35, 'HIGH_DAMAGE_THRESHOLD': 0.52, 'TRUST_CHANGE': 0.14, 'FEAR_CHANGE': 0.0866666666666667, 'AWARENESS_INCREASE': 0.56, 'AWARENESS_DECREASE': 0.0866666666666667, 'FIX_DAMAGE_NEIGHBOURS': 0.0566666666666667, 'FIX_DAMAGE_CONCRETE': 0.34, 'FIX_DAMAGE_MUDBRICK': 0.24, 'FIX_DAMAGE_INFORMAL_SETTLEMENT': 0.7}",4175,529,2264,344,126,424,76,7
119,"{'RISK_PERCEPTION_THRESHOLD': 0.566666666666667, 'LOW_DAMAGE_THRESHOLD': 0.35, 'HIGH_DAMAGE_THRESHOLD': 0.52, 'TRUST_CHANGE': 0.14, 'FEAR_CHANGE': 0.0866666666666667, 'AWARENESS_INCREASE': 0.56, 'AWARENESS_DECREASE': 0.0866666666666667, 'FIX_DAMAGE_NEIGHBOURS': 0.0566666666666667, 'FIX_DAMAGE_CONCRETE': 0.18, 'FIX_DAMAGE_MUDBRICK': 0.24, 'FIX_DAMAGE_INFORMAL_SETTLEMENT': 0.7}",5443,1660,2771,354,109,342,165,77
